"","V1","V2","V3","V4","V5","V6","V7","V8","V9","V10","V11","V12","V13","V14","V15","V16","V17","V18","V19","V20","V21","V22","V23","V24","V25","V26","V27","V28","V29","V30","V31","V32","V33","V34","V35","V36","V37","V38","V39","V40","V41","V42","V43","V44","V45","V46","V47","V48","V49","V50","V51","V52","V53","V54","V55","V56","V57","V58","V59","V60","V61","V62","V63","V64","V65","V66","V67","V68","V69","V70","V71","V72","V73","V74","V75","V76","V77","V78","V79","V80","V81","V82","V83","V84","V85","V86","V87","V88","V89","V90","V91","V92","V93","V94","V95","V96","V97","V98","V99","V100","V101","V102","V103","V104","V105","V106","V107","V108","V109","V110","V111","V112","V113","V114","V115","V116","V117","V118","V119","V120","V121","V122"
"1",0,41.8688428309166,42.7083130081252,73.5662966309981,48.1144468948776,60.7206719330411,41.2795348811006,44.6878059430087,36.8917334913934,58.9830484122345,35.0998575495685,44.7883913531174,24.738633753706,39.4208066888541,41.6773319683494,49.0407993409569,30.347981810987,57.8964593045205,25.6904651573303,30.6757233003559,46.7974358271904,42.3202079389977,41.7133072292284,40.7798970082074,29.4108823397055,42.7200187265877,23.9582971014219,36.5239647354993,59.4390444068543,42.2847490237319,36.9052841744919,34.7562943939655,36.4554522671164,42.5205832509386,30.7896086366813,31.6227766016838,60.2079728939615,37.6430604494374,30,49.1222963632605,43.2666153055679,32.832910318764,83.7914076740569,34.9714169000914,102.961157724649,25.6709953059869,50.6260802353886,44.7101778122163,45.7055795281058,72.2772439983706,75.0599760191808,79.9874990232849,31.7647603485372,50.2692749102272,61.057350089895,39.255572852781,32.9545141065682,49.7192115786242,34.5253530032641,45.1109742745598,39.0768473651598,64.7224845011376,31.5911379978626,55.2539591341652,43.5775171390018,29.5127091267474,26.9072480941474,42.6028168082816,37.5499667110372,41.0487515035476,35.6370593624109,33.8526217596215,48.3528696149463,32.8937684067971,41.4728827066554,58.3438085832593,51.5460958754395,53.7401153701776,26.7955220139485,34.8855270850248,50.0399840127872,86.7179335547152,40.5215991787096,46.8294778958724,28.9827534923789,39.3064880140671,31.6701752442262,29.563490998189,34.2636833980236,46.0108682813094,36.9188298839495,49.0204039151046,40.2492235949962,41.4849370253831,23.388031127053,31,37.8945906429928,46.3249392876019,24.7790233867277,33.0907842155486,43.692104549907,63.2455532033676,89.9777750336159,36.428011200174,32.9848450049413,48.0104155366312,41.0487515035476,58.6685605754905,39.6232255123179,34.828149534536,36.3730669589464,36.8374809127877,91.4056891008432,35.7071421427142,44.8107130048162,67.6017751246223,33.5410196624968,107.596468343529,31.5753068076939,52.0864665724217,85.8894638474359,25.7875939164553
"2",41.8688428309166,0,34.5398320783411,76.4656785754236,44.8330235429198,77.1362431027076,50.9607692249636,23.5796522451032,32.7719392163479,57.1314274283428,31.5753068076939,35.6370593624109,47.4236228055175,28.6530975637888,41.2795348811006,50.7740090991444,43.1277173056956,61.8304132284428,28.2311884269862,36.2215405525497,47.3603209448585,37.4699879903904,28.1247222208505,34.1760149812701,39.0896405713841,27.5317997958724,40.9511904588865,28.3372546306095,65.299310869258,23.388031127053,41.0731055558257,31.9217793990247,35.6370593624109,35.8468966578698,43.2781700167648,38.5616389693177,67.9411510058521,36.9459064038223,29.7825452236709,31.2729915422238,35.6510869399518,30.4138126514911,81.1664955508121,31.3368792319848,93.305948363435,33.7045990927054,57.0613704707484,29.1547594742265,38.5746030439718,83.3966426182733,77.7624588088623,83.4445923951936,40.7430975749267,47.5815090134813,61.3758910322286,22.2710574513201,30.4795013082563,43.6348484585429,44.7548880012005,31.1769145362398,39.8748040747538,40,36.0138862107382,31.4324672910034,23.1516738055805,25.4165300542777,38.1706693679846,28.7749891398763,32.7261363439071,57.2188780036799,28.3372546306095,46.0543157586778,53.0565735795292,34.132096331752,39.2300904918661,58.0947501931113,51.4198405287298,48.7339717240448,36.4828726939094,48.8262224629348,30.9030742807249,79.2148975887743,44.034077712608,36.0832371053374,42.6028168082816,34.9714169000914,44.5196585791041,34.5687720348872,40.0624512480203,49.2747399790197,42.8252262107277,40.2243707222375,33.1209903233584,32.5269119345812,45.6289381861993,47.7912125813941,27.8747197295327,24.1039415863879,38.8458491991101,47.5604878023765,36.2491379207837,49.386232899463,86.2380426494015,21.9544984001001,40.0874045056549,39.648455203198,34.9857113690718,52.373657500694,37.1618083521241,33.7934904974316,45.5850852801659,22.7156333832011,78.1152993977492,45.254833995939,44.2605919526615,61.1146463623901,29.2916370317536,107.172757732551,35.4400902933387,31.4324672910034,89.7997772825746,35.6931365951495
"3",42.7083130081252,34.5398320783411,0,75.1664818918645,58.2151183113115,74.8398289682706,53.0659966456864,26.7394839142419,44.0113621693308,62.9841249839989,41.4728827066554,32.8024389337135,52.5166640220035,25.8069758011279,37.9605057922046,50.8822169328342,46.0108682813094,62.080592780675,35.665109000254,33.2415402771893,49.9799959983992,28.3019433961698,29.7657521322744,34.5687720348872,43.4165866921848,26.4386081328046,43.9317652729776,35.3270434653114,64.2572953056694,41.8568990729127,39.1407715815619,48.8057373676497,45.7930125674212,45.4092501589709,43.4050688284214,28.7054001888146,67.3572564761956,30.0166620396073,33.5857112474933,29.7825452236709,37.973675092095,38.4447655734822,76.9870118916171,41.0487515035476,104.216121593542,35.1140997321589,51.7783738639985,31.7962261911693,44.7101778122163,77.9743547584717,78.689262291624,89.4874292847884,47.169905660283,58.36951259005,62.2735899077611,38.7943294825416,48.4974226119286,33.0151480384384,42.4499705535822,29.5803989154981,31.4483703870328,36.2077339804633,35.4682957019364,34.3947670438397,25.6320112359526,36.0138862107382,41.9046536795139,32.6955654485436,33.7638860322683,58.4551109827019,34.5832329315812,47.0106370941726,51.2054684579684,39.1407715815619,36.2215405525497,62.3538290724796,45.4642716866772,52.7067358124178,44.1588043316392,34.6265793863616,40.9145450909576,82.9337084664613,35.5527776692624,46.8294778958724,35.4682957019364,35.0570962859162,41.8688428309166,42.190046219458,34.1467421579277,54.7265931700485,43.692104549907,45.5521678957215,45.0111097397076,28.6530975637888,47.6550102297754,39.0256326021757,37.0944739819828,42.5205832509386,43.2666153055679,49.9499749749687,31.6385840391128,55.1905789061865,93.4451710897893,35.8189893771446,45.0333209967908,44.1701256507156,30.6431068920891,53.2541078227774,42.9651021178817,27.8388218141501,44.328320518603,41.3400532171888,88.062477821147,46.6583325891528,47.5815090134813,70.9647799968407,31.288975694324,116.219619686179,29.4448637286709,33.6005952328229,90.4599358832406,37.3496987939662
"4",73.5662966309981,76.4656785754236,75.1664818918645,0,46.9361268108053,54.4793538875049,57.3149195236284,69.3036795559947,84.2555636145175,37.2558720203943,77.756028705175,59.5399025864168,76.1183289359403,72.2772439983706,69.6921803361037,48.5592421687159,63.5059052372297,57.2800139664787,68.818602136341,84.4807670419723,46.6476151587624,61.6198020120156,59.0084739677277,61.0327780786685,82.516664983505,73.287106642301,77.5370878999205,73.7427962583465,44.0681290730614,79.4732659452221,52.4785670536077,66.6633332499958,72.9588925354545,52.687759489278,75.8419409034342,71.8192174839019,37.9473319220206,68.7604537506843,73.4302390027433,70.164093381159,80.9814793641114,60.4483250388297,31.4483703870328,86.2032481986613,60.2826674924061,73.7224524822662,55.7404700374871,77.3498545570708,71.2811335487869,56.5066367783467,67.5943784644847,37.4032084185301,55.2177507691141,60.6465168002252,38.379682124791,78.108898340714,68.585712797929,70.5903676148524,66.0908465674332,74.5855213831746,66.8505796534331,99.674470151589,68.4835746730557,91.0219753685889,72.2149568995232,70.1925922017416,61.1391854705311,82.0426718238747,64.6065012208524,62.3217458035315,78.7273777030583,64.3506021727847,52.3259018078045,59.2114853723498,79.3977329651168,49.6084670192499,71.8261790714221,47.9895822028073,70.0214252925489,71.6030725597722,94.7100839404126,51.3517283058711,49.7594212184989,53.8423625038872,70.1854685814664,54.5527267879434,66.475559418481,78.9683480895985,73.4846922834953,74.8531896447974,75.5182097245426,46.1519230368573,64.1560597293818,57.8705451849211,74.6659226153404,73.7631344236401,57.567351858497,78.6638417571885,74.7261667690776,57.5499782797526,63.2534584034739,45.9456200306406,58.7196730236128,84.1249071321924,61.4491659829489,59.4390444068543,77.2075125878305,49.8397431775084,68.0147042925278,83.8987485007971,52.0096144957834,76.6615940350838,54.8908006864538,64.8305483549229,49.0611862881443,65,75.7297827806207,58.0689245638319,58.6259328283994,81.6394512475433,64.389440128021,66.0681466366357
"5",48.1144468948776,44.8330235429198,58.2151183113115,46.9361268108053,0,55.8032257132148,35.9861084308932,45.7383865041171,48.9285192909003,37.6031913539263,47.4025315779653,40.3732584763727,48.0936586256442,47.0425339453563,52.5166640220035,36.0832371053374,47.1380949975707,48.0312398340913,40.4103947023535,56.7626637852735,42.1781934179263,52.0960651105244,40.4103947023535,42.2847490237319,53.2541078227774,47.4763098818769,51.8362807307777,41.3400532171888,38.0263066836631,45.2437841034545,39.4588393138977,30.4466746952767,53.6842621258782,35.7351367704113,50.2493781056044,53,48.6621002423858,42.2492603485552,42.9767378938886,54.2770669804476,50.5074251966976,32.3882694814033,57.1489282489182,58,64.5445582524197,52.1536192416212,51.7687164221791,48.7442304278158,50.950956811428,64.9692234831231,60.0249947938357,47.0637865030004,32.6190128606002,36.2767142944341,42.0356991139674,52.0768662651661,34.132096331752,53.9629502529282,41.3158565202272,51.6720427310552,45.6727489866769,77.0843693624071,43,61.708994482166,48.3735464897913,43.0348695827,38.0919939094818,58.0517010948,47.4868402823351,48.1248376620639,47.3814309619285,41.2916456441252,47.1062628532555,35.6791255498225,52.2015325445527,41.4366987102013,61.5467302137165,40.1870625948202,39.0768473651598,55.1180551180827,66.5357047005591,64.3816744112795,44.5757781760453,26.3818119165458,48.4664832642105,39.0768473651598,48.0208288141719,53.8423625038872,49.4267134250296,46.776062254106,46.5403051128804,35.4964786985977,40.3112887414927,40.0998753115268,47.5604878023765,54.7905101272109,32.9089653438087,42.2255846614348,49.7694685525172,38.7040049607273,50.6557005676558,43,66.475559418481,56.2316636780382,40.4845649599943,40.2740611312045,51.7880295048962,46.3357313528124,39.5094925302768,58.2408791142441,39.5727178748188,47.9374592568275,60.6630035524124,47.116875957559,36.592348927064,47.9895822028073,49.295030175465,72.3325652801005,40.1248052954778,57.8619045659577,67.4981481227448,40.8656334834051
"6",60.7206719330411,77.1362431027076,74.8398289682706,54.4793538875049,55.8032257132148,0,39.4081209904761,67.096944788865,74.5117440407886,41.6173040933696,67.1788657242737,70.178344238091,70.0499821556009,73.3552997403732,63.7024332345319,42.0475920832573,52.1536192416212,43.1856457633784,58.3523778435806,78.3964284900785,51.1957029446808,60.9918027279076,66.9103878332804,60.2660766932775,78.3709129715866,69.6850055607374,71.9374728496908,72.1872564930958,40.9878030638384,77.0649077077239,49.3153120237518,61.7332973362026,75.5777745107647,54.2217668469038,63.7259758654193,68.3885955404847,33.1963853453957,61.1228271597445,64.9076266705231,80.2496105909555,76.5571681816928,51.9230199429887,64.1326749792959,80.3865660418456,91.3126497260922,65.6962708226274,50.1697119784437,84.1665016500033,72,33.8082830087539,63.5531273817426,70.5478560978291,53.0659966456864,46.3465209050259,42.6028168082816,72.8148336535901,72.2011080247388,64.7688196588451,64.7070320753471,79.296910406396,62.7375485654325,100.548495761995,64.8768063332344,90.6862723900371,76.954532030284,62.9444199274249,59.2874354311266,81.1788149704096,55.7135531087365,38.1837661840736,71.1407056473296,42.1307488658818,47.8225888048734,53.619026473818,79.3536388579629,43.8748219369606,67.8527818147495,44.9110231457712,68.6367248635889,61.0900973972051,90.3603895520598,71.0422409556455,55,65.1766829472013,65.7951365983839,67.2458177138177,60.9590026165127,78.1856764375675,76.1117599323521,73.8105683489837,75.0199973340442,60.7618301238533,68.6949779823824,56.1070405564221,62.5859409132754,65.2686754883229,67.5795827154918,77.2075125878305,73.4778878302854,38.8329756778952,75.1265598839718,68.2422156732913,61.6279157525224,77.4725757929863,46.8401537145215,62.8728876384726,82.0609529557146,69.8355210476732,65.719099202591,78.8923316932641,39.9124040869502,80.3616824114578,78.2368199762746,44.5869936192159,42.6028168082816,66.4153596692813,71.9166183854608,88.2609766544649,62.5779513886481,89.162772500635,70.8942874990644,61.2862137841783
"7",41.2795348811006,50.9607692249636,53.0659966456864,57.3149195236284,35.9861084308932,39.4081209904761,0,42.9767378938886,46.2276973253049,39.0512483795333,48.2907858705985,42.614551505325,47.7702836499847,44.3846820423443,42.8135492572153,24.3926218353009,38.6393581727233,32.2490309931942,39.2428337406972,53.3760245803301,42.0238027789014,46.4650406219558,49.0713765855412,37.8549864614954,53.4696175411794,44.8441746495573,48.9693781867812,41.3279566395437,34.2490875790874,51.1663952218641,27.3313007374329,37.1483512420134,60.390396587537,36.0138862107382,37.2827037646145,45.365184888855,41.2674205639267,36.8646171823335,38.3405790253616,57.3498038357587,50.6754378372797,30.9030742807249,60.9261848469113,57.7494588719236,82.0304821392633,49.6890329952194,43.5660418215839,53.8980519128475,46.9361268108053,51.0685813392148,46.7546789102438,70.057119552548,39.1024295920343,36.2353418639869,43.058100283222,55.8300994088314,50.5371150739731,47.6025209416476,37.2558720203943,53.7866154354408,37.9605057922046,74.7863623931529,36.5513337649941,62.6338566591584,50.8428952755446,42.5558456619064,37.0135110466435,59.6238207430554,41.2431812546026,30.7083050655682,46.4112055434892,24.4131112314674,38.7298334620742,28.1780056072107,47.5184174820669,30,55.4887375960203,33.5857112474933,43.7492857084547,39.7617907041421,68.4105255059483,64.0468578464237,39.9749921826134,40.5092582010582,45.4312667664022,49.0204039151046,39.3827373350304,57.393379409127,48.3942145302514,42.9767378938886,48.91829923454,45.2658811910251,47.8539444560216,35.5668384875575,38.6005181312376,45.2216762183801,45.9782557302906,48.7031826475437,52.0384473250308,26.3248931621764,53.1883445878888,54.3507129668048,69,56.6480361530742,33.6005952328229,38.6522961801754,54.799635035281,50.2195181179589,35.9722114972099,55.0363516232681,31.8433666561813,57.9050947672137,70.3420215802759,35.5105618091294,32.5883414736007,45.0998891351187,47.1274866717927,89.2356431029664,40.1870625948202,64.0702739185654,60.5557594288107,35.7351367704113
"8",44.6878059430087,23.5796522451032,26.7394839142419,69.3036795559947,45.7383865041171,67.096944788865,42.9767378938886,0,38.7040049607273,47.8957200593122,35.5668384875575,33.4514573673555,52.773099207835,24.9198715887542,37.2827037646145,40.2243707222375,40.3980197534483,52.6782687642637,29.2745623366089,36.9323706252388,44.4184646290256,29.3938769133981,27.8747197295327,26.4196896272458,48.9489530020817,17.2046505340853,46.357307945997,28.1602556806574,55.0454357780915,32.8785644455472,34.0147027033899,37.8813938497516,46.2601340248815,34.5398320783411,43.6233882223745,32.542280190546,58.3266662856707,29.4618397253125,32.9393381840012,30.3973683071413,30.9030742807249,28.2665880502051,73.2393336944022,42.9883705204094,93.6162379077476,36.8510515453766,50.9901951359278,32.9241552663087,40.2988833592198,69.9642765988472,72.587877775838,82.4803006784044,42.5205832509386,43.1277173056956,50.5667875190821,30.1662062579967,42.5088226136646,33.8673884437522,42.2729227756965,29.2232783924049,31.5911379978626,40.8656334834051,32.0156211871642,31.2089730686545,21.0713075057055,28.1780056072107,41.4849370253831,32.3419232575925,24.7588368062799,49.8397431775084,25.9036676939772,38.0919939094818,45.9891291502677,28.6530975637888,36.2904946232481,50.2294734194974,48.0416485978573,36.5650105975644,40.2119385257662,41.2553026894725,41.2189276910499,74.2765104188397,37.6430604494374,35.1852241715184,38.8200978875633,35.749125863439,39.293765408777,46.184412955022,38.7685439499603,50.6162029393751,43.0116263352131,37.3363094051889,43.8976081352959,19.2353840616713,45.4312667664022,41.0609303352956,29.9165506033032,30.347981810987,46.7011777153425,42.731721238443,36.7423461417477,46.5080638169339,79.8561206170197,31.9687347262916,34.7131099154196,32.1869538788622,35.2703841770968,50.8428952755446,33.1511689085016,33.1360830515618,37.6828873628335,39.446165846632,74.4043009509531,37.4699879903904,38.0657326213486,57,30.199337741083,105.678758508983,31.1769145362398,34.554305086342,82.5590697622012,37.3630833845388
"9",36.8917334913934,32.7719392163479,44.0113621693308,84.2555636145175,48.9285192909003,74.5117440407886,46.2276973253049,38.7040049607273,0,63.9061812346818,33.1209903233584,41.6773319683494,34.3656805548792,30.1827765455731,50.7148893324239,49.5378643060033,43.6348484585429,64.7533782902483,28.5832118559129,31.2409987036266,60.3406993661824,47.7702836499847,45.6836951220017,43.8634243989226,26.3818119165458,34.4963766213207,29,24.5967477524977,63.0238050263549,28.6181760425084,48.425200051213,32.4499614791759,50.7543101617981,50.1697119784437,28.8617393793236,45.066617356975,75.1132478328557,36.6878726556883,27.0739727413618,51.8266340793998,34.3947670438397,36.6196668472011,90.2330316458446,37.5233260785874,99.9599919967984,41.4004830889689,65.3911308970873,36.0555127546399,45.6727489866769,84.8587060943071,71.4912582068605,89.7830719011106,37.4165738677394,51.1859355682789,68.4178339323893,42.5675933075855,40.0624512480203,53.2822672190289,34.2782730020052,43.2203655699486,42.3083916026124,53.5537113559835,29.748949561287,39.2173431022552,40.6201920231798,34.2636833980236,35.0856095856977,48.2907858705985,45.7930125674212,50.2394267483219,32.8176781628439,39.3319208785943,59.1016074231488,39.2045915678253,31.0966236109324,60.4235053600832,61.8223260642949,55.9016994374947,31.7017349682947,47.2440472440709,47.927027865287,87.3212459828649,51.3906606301184,41.4728827066554,33.3616546352246,46.9254728266003,37.8153408023781,40.4598566482878,36.2904946232481,31.2089730686545,30.5614135798723,55.2268050859363,40.4103947023535,43.8406204335659,30.9838667696593,41.5692193816531,44.955533585978,30.6104557300279,37.1348892552543,45.0333209967908,47.9583152331272,69.9070811863863,93.2255329831908,36.6333181680284,44.4634681508314,41.182520563948,39.1918358845308,57.9913786695919,29.8161030317511,38.2361085886103,46.8401537145215,37.4966665185054,88.2609766544649,44.5421149026402,49.9299509312797,57.8186821018951,33.7045990927054,111.758668567588,39.4715087119811,49.132473986153,86.0697391654001,30.4302481094059
"10",58.9830484122345,57.1314274283428,62.9841249839989,37.2558720203943,37.6031913539263,41.6173040933696,39.0512483795333,47.8957200593122,63.9061812346818,0,60.4400529450463,51.4392845984467,64.2728558568857,56.2049819855856,55.4797260267208,28.5306852353742,43.5660418215839,45.1774279923061,49.0204039151046,67.3349834781297,35.0856095856977,45.254833995939,46.6154480832267,41.6893271713517,69.8999284692052,53.6469943240066,63.7259758654193,56.5243310442503,39.1152144312159,62.00806399171,38.3666521865018,50.4876222454574,60.844062980705,32.832910318764,59.2536918681022,57.6281181368956,29.7657521322744,55.3985559378582,57.5239080730786,58.0517010948,63.0793151516406,39.1152144312159,52.4309069156733,69.5125887879311,71.4562803397994,57.2538208331985,47.9687398208458,66.873013989202,53.7215040742532,42.9767378938886,59.2368128784795,56.5597029695171,42.7784992724149,39.0640499692492,26.0959767013998,57.2712842531054,56.4358042380899,60.1165534607565,57.0876519047683,59.3295878967653,56.0713830755047,81.535268442558,51.565492337415,72.1941825911202,55.659680200303,48.3942145302514,49.1629942131274,64.6374504447692,43.1740662898458,37.4432904536981,58.1807528311554,40.9756024970958,34.9714169000914,39.7366329726111,64.8922183316305,30.347981810987,60.0999168052669,19.723082923316,56.2405547625555,59.2790013411157,76.0723339986358,50.2294734194974,41.097445176069,39.8497176903426,57.5065213693195,49.0815647672321,49.6789693934969,67.5055553269507,63.6003144646314,61.1228271597445,63.08724118235,34.2052627529741,53.7121960079831,40.9389789809174,57.1051661410769,58.1893461039046,46.5295604965274,59.7243668865564,63.9765582068933,38.3666521865018,55.4256258422041,40.8044115262063,52.6497863243527,63.4980314655502,36.5239647354993,38.8458491991101,66.2721661031236,46.743983570081,47.8016736108685,67.6461381011511,31.3528308131818,63.3403504884525,51.7783738639985,38.9101529166874,28.9309522829789,44.5757781760453,57.7408001330082,74.2563128629479,48.1248376620639,68.1762421962372,59.9666574022598,51.0294032886923
"11",35.0998575495685,31.5753068076939,41.4728827066554,77.756028705175,47.4025315779653,67.1788657242737,48.2907858705985,35.5668384875575,33.1209903233584,60.4400529450463,0,47.9165942028438,41.0852771683483,41.206795556073,46.3141447076376,53.3197899470731,43.2319326424346,55.9642743185329,21.7715410570772,38.6652298583624,53.103672189407,44.3959457608462,40,48.2804308182932,38.7685439499603,39,37.7888872553824,33.7638860322683,56.6833308830736,21.3541565040626,44.3846820423443,23.7486841740758,41.9642705167146,47.1380949975707,44.5196585791041,46.4542785973477,63.5845893279181,34.7131099154196,33.6154726279432,51.565492337415,40.8900966005217,32.310988842807,84.6581360531875,42.5088226136646,97.4217634822938,33.6303434416005,60.0416522091123,39.585350825779,57.3323643328967,82.3164625090267,83.0782763422545,82.4621125123532,33.8082830087539,39.4334883062607,58.0344725141876,28.5482048472404,34.0293990543471,39.446165846632,36.9594372251527,51.1957029446808,32.9089653438087,61,40.3732584763727,50.6853035898967,43.0464865000618,35.4259791678367,38.4447655734822,45.2658811910251,32.4037034920393,54.8543526076099,28.0713376952364,39.648455203198,59.6824932455071,36.9323706252388,48.0832611206852,63.0238050263549,58.6088730483704,53.591044027897,30.6267856622271,48.8773976393997,47.8748368143433,89.0056178002265,50.2195181179589,47.7807492616012,34.8137903710584,37.9341534767813,45.1109742745598,36.9052841744919,43.2666153055679,49.4267134250296,43.4396132579469,53.7494186015068,41.7133072292284,36.6469644036174,43.806392227619,48.135226186235,38.5746030439718,34.4673758792282,37.841775856849,39.2810386828047,48.9591666595746,65.2533524043018,80.8084154033477,33.7786915081091,40.7430975749267,50.9215082258961,47.1274866717927,65.0384501660364,45.2769256906871,38.1706693679846,42.1781934179263,32.2335229225724,87.17224328879,44.6206230346462,44.8107130048162,72.9657453878188,41.5812457725836,105.749704491313,40.7553677446297,53.7308105280388,99.2421281513048,40.1621712560464
"12",44.7883913531174,35.6370593624109,32.8024389337135,59.5399025864168,40.3732584763727,70.178344238091,42.614551505325,33.4514573673555,41.6773319683494,51.4392845984467,47.9165942028438,0,46.743983570081,23.7907545067406,39.7617907041421,38.379682124791,43.7149859887888,54.0277706369604,40,41.9642705167146,41.5571895103603,34.5687720348872,28.6879765755621,31.859064644148,41.7013189239861,33.9411254969543,41.6533311993171,29.1547594742265,52.792044855262,41.4849370253831,31.9530906173409,40.9023226724351,48.3425278610873,35.1994318135961,39.2300904918661,34.8855270850248,59.1607978309962,34.2490875790874,34.0440890610984,28.9482296522603,40.3236903073119,33.6600653594137,59.7578446733147,46.6690475583121,79.968743894099,42.8952211790544,50.2792203599061,25.5929677841395,35.7910603363466,74.0337760755184,59.6238207430554,72.9588925354545,40.4351332383115,53.4322000295702,54.4426303552648,47.6025209416476,41.1582312545134,44.7437146423942,32.0936130717624,31.2409987036266,33.9263909073747,49.8096376216491,29.698484809835,42.2610932182309,26,37.2827037646145,33.5857112474933,43.5086198356142,40.2864741569674,52.9716905525961,39.7114593033296,44.181444068749,43.977266854592,30.5941170815567,29.8328677803526,45.9891291502677,51.2445119012758,43.4856298103178,37.6031913539263,38.742741255621,54.4793538875049,63.1585306985525,30.4138126514911,28.4429253066558,37.9209704517171,27.7668867538296,36.6606055596467,44.988887516808,29.3087017795057,37.3496987939662,37.7888872553824,34.2636833980236,32.4191301548947,29.5127091267474,43.2666153055679,40.4474968323134,30.7245829914744,39.7617907041421,41.545156155682,45.8911756223351,22.9346898823594,41.097445176069,80.8331615118449,46.5295604965274,43.2203655699486,30.8382878902185,30.7245829914744,30.6104557300279,31.2569992161756,41.6533311993171,41.4125584816973,41.1339276024063,69.108610172684,48.8057373676497,39.2428337406972,51.8652099195598,35.1994318135961,95.346735654662,26,37.9605057922046,69.3541635375988,29.3938769133981
"13",24.738633753706,47.4236228055175,52.5166640220035,76.1183289359403,48.0936586256442,70.0499821556009,47.7702836499847,52.773099207835,34.3656805548792,64.2728558568857,41.0852771683483,46.743983570081,0,40.8900966005217,49.7694685525172,54.2125446737192,34.828149534536,65.1152823843988,32.6802692767364,33.0605505096331,54.3323108288245,49.7091540865463,48.9897948556636,47.8643917750973,25.3574446662119,50.6260802353886,15.0996688705415,35.6370593624109,63.4901567173999,44.9666543118342,46.4973117502507,37.2558720203943,41.4849370253831,51.1077293567226,30.2985148150862,41.5692193816531,68.6075797561756,44.8107130048162,36.2767142944341,56.7362318100171,48,43.5660418215839,87.58424515859,38.9486841883009,102.024506859872,35.0570962859162,59.3043000127309,44.6878059430087,48.9795875850338,83.198557679806,77.5241897732572,81.0555365166378,33.2114438108312,58.7962583843564,67.1267457873536,48.7339717240448,33.2866339541865,59.9416382825828,31.0161248385416,49.6286207747102,45.5741154604234,71.3792686989717,29.2574776766556,59.6741149913428,50.4479930225178,38.0131556174964,24.6170672501823,51.6817182376902,50.2394267483219,47.6969600708473,43.1508980207828,40.5709255502016,57.1314274283428,41.8568990729127,40.2243707222375,62.7534859589489,57.835974963685,61.2698947281616,28.6006992921502,44.977772288098,58.6856030044848,88.9044430835715,47.7493455452533,44.955533585978,27.1293199325011,42.4264068711929,30.0832179129826,29.4957624075053,31.8119474411737,37.2424488990721,31.224989991992,53.5443741209102,43.3589667773576,52.1632054229799,24.0208242989286,34.7419055320804,43.1508980207828,48.7442304278158,20.7364413533277,40.0374824383352,45.3321078265725,71.0352025407122,96.3846460801719,45.1552876195025,45.7602447545902,51.487862647424,41.6052881254294,58.1033561853358,38,41.0487515035476,46.6368952654441,39.4334883062607,94.5039681706541,45.902069670114,52.820450584977,67.6461381011511,41.146081222882,107.028033710799,33.7194306001747,57.2974694031072,86.4812118323974,30.967725134404
"14",39.4208066888541,28.6530975637888,25.8069758011279,72.2772439983706,47.0425339453563,73.3552997403732,44.3846820423443,24.9198715887542,30.1827765455731,56.2049819855856,41.206795556073,23.7907545067406,40.8900966005217,0,39,41.1217703899042,38.379682124791,60.3158354000009,31.2729915422238,26.0576284415908,48.187135212627,30.8382878902185,30.7896086366813,26.1725046566048,35.2845575287547,20.0748598998847,33.6452076825214,17.7200451466693,60.3075451332584,36.8781778291715,34.5253530032641,39.5474398665704,45.4422710700071,39.3954312071844,30.7245829914744,27.0185121722126,67.0447611674469,28.8270706107991,27.0554985169374,30.4466746952767,27.8567765543682,32.0624390837628,75.3591401224828,35.6791255498225,95.5771939324439,35.9304884464434,54.0277706369604,23.1300670124408,31.0644491340181,76.223356000638,66.9178600972864,85.1351866151711,41.024382993532,54.817880294663,60.0832755431992,39.8371685740842,40.0499687890016,43.4511219648009,33.166247903554,19.8746069143518,34.5976877840124,39.2045915678253,18.6010752377383,27.6224546338663,20.3224014329016,28.4429253066558,31.9374388453426,33.0605505096331,36.8510515453766,48.8569340012244,30.5286750449475,39.9749921826134,46.518813398452,29.4618397253125,17.7200451466693,52.4976189936268,48.91829923454,46.3680924774785,34.4383507154451,34.3656805548792,43.7035467668243,74.2832417170926,34.322004603461,29.6479341607472,29.3598365118064,34.9428104193123,28.5482048472404,38.4447655734822,23.5796522451032,36.4554522671164,28.3372546306095,39.8622628559895,38.9358446678636,29.6141857899217,33.7786915081091,30.1164406927512,31.7490157327751,31.8119474411737,35.9722114972099,44.7995535692042,28.9654967159205,53.5723809439155,90.5096679918781,34.5687720348872,39.446165846632,28.6879765755621,20.4205778566621,42.5910788780937,22.7156333832011,27.2213151776324,43.2319326424346,37.1887079635741,79.6303962064738,41.6293165929973,42.0951303596984,53.3666562565053,23.43074902772,108.558739860041,22.8691932520585,30.1496268633627,76.3085840518614,26.7768556779918
"15",41.6773319683494,41.2795348811006,37.9605057922046,69.6921803361037,52.5166640220035,63.7024332345319,42.8135492572153,37.2827037646145,50.7148893324239,55.4797260267208,46.3141447076376,39.7617907041421,49.7694685525172,39,0,46.5403051128804,36.6878726556883,40.5832477754061,38.0394532032205,46.1735855224608,34.3365694267788,34.0587727318528,36.1801050302511,37.6563407675255,49.0306026885251,44,47.73887304912,40.4351332383115,60.1830540933243,47.0425339453563,32.2645316098034,48.8569340012244,47.2016948848238,37.5099986670221,40.7062648740952,34.6554469023269,52.9339210714642,33.5261092284804,34.6265793863616,43.0116263352131,53.7121960079831,37.1348892552543,70.2139587261678,44.1361529814278,100.747208398049,33.7934904974316,29.2574776766556,46.5617869072913,41.4969878424929,67.7126280689208,72.3671196055225,86.7928568489366,49.7192115786242,52.2111099288265,52.0480547186924,43.7721372564786,45.2216762183801,32.6036807738022,46.6368952654441,41.206795556073,31.9687347262916,55.9285258164383,36.9459064038223,53.0282943342514,38.4967531098403,37.3363094051889,34.2198772645373,40.8411557133243,32.78719262151,50.7740090991444,41.0731055558257,36.5650105975644,37.1079506305589,38.0394532032205,49,45.8148447558212,26,50.4876222454574,50.6853035898967,28.5306852353742,46.5295604965274,77.6723889165255,38.379682124791,49.2341345003647,42.8368999812078,43.0348695827,42.3556371690947,45.1552876195025,44.6878059430087,56.7450438364444,57.2712842531054,43.9089968002003,48.0312398340913,34.928498393146,48.5180378828328,42.2374241638857,41.7971290880127,43.7378554572581,48.5283422342037,36.1939221417077,40.8411557133243,53.5817132984753,89.8610037780571,42.731721238443,43.4626276242015,51.4587213210744,47.5184174820669,56.8242905807015,41.5812457725836,36.2215405525497,39.0384425918863,49.1121166312347,90,42.0238027789014,46.184412955022,69.2170499226888,34.9571165858971,112.614386292338,32.6802692767364,49.7192115786242,85.3580693314932,36.2491379207837
"16",49.0407993409569,50.7740090991444,50.8822169328342,48.5592421687159,36.0832371053374,42.0475920832573,24.3926218353009,40.2243707222375,49.5378643060033,28.5306852353742,53.3197899470731,38.379682124791,54.2125446737192,41.1217703899042,46.5403051128804,0,39.2173431022552,40.3360880601974,41.9642705167146,56.3205113613149,37.5366487582469,38.4187454245971,42.8602379834737,33.0151480384384,56.6215506675683,41.9761837236307,52.6022813193496,42.2965719651132,35.0998575495685,54.6717477313466,27.3495886623547,43.4856298103178,60.7289058027559,33.0454232837166,40.5832477754061,46.8934963507734,40.9633982965281,39.1918358845308,42.1781934179263,52.8015151297763,51.3517283058711,29.9332590941915,53.1883445878888,59.6154342431555,76,51.5945733580577,43.6463056855904,54.5343928177439,42.7083130081252,43.7835585579793,42.3438307194803,66.4906008395172,38.8072158238645,39.8497176903426,35.3411940941446,56.1426753904728,53.3197899470731,50.5667875190821,42.2018956920184,48.5180378828328,44.4522215417857,70.6257743320383,37.4833296279826,59.3801313572141,46.9041575982343,41.6653333119993,38.1182371050918,58.5832740635072,40.1995024844836,28.8097205817759,49.5681349255749,29.5803989154981,28.5131548587665,29.0688837074973,47.3180726572839,22.6936114358204,54.1848687365763,24.0208242989286,47.8225888048734,41.9046536795139,68.9855057240287,50.9411425078001,35.1425667816112,32.8937684067971,45.7711699653832,46.2817458616245,39.2683078321437,60.1414998150196,50.5470078244004,44.3621460256377,49.295030175465,35.6370593624109,46.0325971459356,31.4960314960472,42.1781934179263,45.453272709454,43.3935479074943,48.8569340012244,56.276105053566,30.8220700148449,48.0416485978573,46.2493243193887,64.6065012208524,57.4282160614449,32.7108544675922,28.1602556806574,53.665631459995,39.6358423652128,33.8969025133566,56.6392090340252,27.9463772249642,58.6344608570762,60.3406993661824,34.8137903710584,24.0208242989286,35.7351367704113,44.2944691807002,84.6522297402732,38.3405790253616,60.1664358259653,51.4392845984467,36.3042697213427
"17",30.347981810987,43.1277173056956,46.0108682813094,63.5059052372297,47.1380949975707,52.1536192416212,38.6393581727233,40.3980197534483,43.6348484585429,43.5660418215839,43.2319326424346,43.7149859887888,34.828149534536,38.379682124791,36.6878726556883,39.2173431022552,0,52.0288381573143,27.5136329843952,39.0896405713841,33,28.8790581563873,37.8549864614954,30.7896086366813,43.4050688284214,42.5205832509386,31.4801524773944,40.3360880601974,57.2013985843004,49.4671608241265,29.748949561287,41.0731055558257,35.4682957019364,31.7647603485372,33.2415402771893,32.6649659421222,47.8539444560216,44.2040722106007,37.6164857476081,44.9221548904324,48.7544869729956,32.0156211871642,74.5922247958861,38.3927076409049,98.5291834940288,24.576411454889,41.7612260356422,51.2054684579684,35.7770876399966,61.5386057690617,69.8927750200262,79.5298686029343,32.9848450049413,48.7647413609464,50.2095608425328,37.5499667110372,40.2367990774614,52.4118307255146,42.7200187265877,42.9185274677499,44.7437146423942,64.5135644651572,29.4448637286709,57.7754273026172,42.4499705535822,24.738633753706,26.6645832519468,42.0713679359253,29.9499582637439,28.8790581563873,41.7492514902962,28.0178514522438,34.6842903920492,29.0688837074973,46.5725240887801,44.4634681508314,41.8807831827438,38.7943294825416,40.5585995813465,39.0384425918863,54.1756402823261,71.0563156939621,29.7825452236709,40.2243707222375,34.5108678534748,39.344631145812,22.2261107708929,36.7287353444139,40.9511904588865,49.6386945839634,44.5196585791041,37.5499667110372,40.6571027005122,38.262252939418,30.7896086366813,30.6920185064456,38.2753184180093,51,33.0605505096331,28.5306852353742,37.8945906429928,54.3783044972901,79.9812478022192,37.4432904536981,26.3628526529281,39.8246155034798,46.0651712251241,48.0936586256442,36.3455636907725,40.8900966005217,28.7402157263998,42.7784992724149,79.6868872525461,22.4499443206436,33.7194306001747,57.5239080730786,37.4966665185054,103.266645147405,28.7402157263998,52.3832034148352,75.2462623656484,30.9192496674806
"18",57.8964593045205,61.8304132284428,62.080592780675,57.2800139664787,48.0312398340913,43.1856457633784,32.2490309931942,52.6782687642637,64.7533782902483,45.1774279923061,55.9642743185329,54.0277706369604,65.1152823843988,60.3158354000009,40.5832477754061,40.3360880601974,52.0288381573143,0,52.820450584977,70.1498396291823,43.5430821141545,54.5435605731786,55.7673739743947,55.6147462459373,70.3349130944227,60.770058416954,67.0074622710038,56.0357029044876,35.9861084308932,59.2114853723498,39.6106046406767,51.1663952218641,70.760158281338,46.6583325891528,57.6888204074238,59.39696961967,33.9852909359329,46,54.1109970338747,67,68.1469001496033,44.5533388198909,55.4616984954482,73.3552997403732,82.6135582092915,59.6238207430554,40.4969134626332,65.5209890035247,64.8922183316305,54.2586398650021,62.2735899077611,73.7021030907531,54.3783044972901,38.2491829978106,35.2987251894456,64.0390505863415,61.2372435695795,42.2255846614348,51.478150704935,68.330081223426,40.0124980474851,85.2818855326264,54.7905101272109,77.1167945391923,61.9112267686564,58.4380013347479,50.4579032461715,70.1925922017416,45.4202597967031,51.1370707021824,56.2849891178812,37.7888872553824,44.698993277254,43.7721372564786,66.7083203206317,34.0293990543471,55.8121850495033,44.988887516808,60.0832755431992,48.155996511338,78.0384520605067,69.6132171358284,51.7880295048962,56.8418859644893,58.206528843421,56.0178542966437,56.8066897468951,70.2281994643178,63.718129288296,61.9596642986387,70.774289116882,55.7763390695374,61.5629758864855,42.4381903478459,61.5792172733626,61.7494939250517,56.7450438364444,57.4978260458602,68.585712797929,34.1027858099599,63.4744042902334,58.7196730236128,64.9230313525177,69.1158447825099,50.3487835006964,58.0172388174411,71.3652576538472,64.5755371638518,53.7401153701776,64.8922183316305,40.6693988153255,70.1498396291823,78.0384520605067,51.2932744129286,44.8553229840116,66.1966766537415,61,90.6256034462668,52.773099207835,77.2593036468748,77.9294552784761,53.8052042092584
"19",25.6904651573303,28.2311884269862,35.665109000254,68.818602136341,40.4103947023535,58.3523778435806,39.2428337406972,29.2745623366089,28.5832118559129,49.0204039151046,21.7715410570772,40,32.6802692767364,31.2729915422238,38.0394532032205,41.9642705167146,27.5136329843952,52.820450584977,0,29.5803989154981,42.4970587217516,32.5729949498047,29.9332590941915,33.0605505096331,32.2955105239103,29.5465734053883,29.1547594742265,28.3196045170126,52.5832673005396,28.9136645896019,34.3511280746353,26.3818119165458,34.7131099154196,35.6931365951495,33.2866339541865,34.6698716467194,56.4889369699944,29.6816441593117,25.8843582110896,43.5545634807651,34.6121365997536,22.494443758404,78.5938928925142,33.391615714128,96.1821189203066,22.561028345357,48.5489443757534,39.1535439009038,42.485291572496,70.0856618717409,74.0540343262945,77.0454411370329,23.473389188611,37,51.3419906119737,25.5147016443461,29.0172362570938,39.8748040747538,34.2344855372474,38.9743505398102,32.7261363439071,56.0446250768082,27.0924343682881,45.0444225182208,35.5668384875575,21,26.0384331325831,36.6196668472011,25.9229627936314,39.7869325281555,26.5706605111728,27.2763633939717,45.5411901469428,28.3196045170126,40.2740611312045,52.5357021462548,47.3814309619285,43.3128156554154,28.6705423736629,39.7114593033296,43.081318457076,80.2122185206219,36.2491379207837,36.4005494464026,26.6458251889485,32.4191301548947,30.6431068920891,31.2089730686545,35.8887168898527,44.4634681508314,35.6791255498225,41.0731055558257,35.4400902933387,31.0644491340181,30.7083050655682,34.7419055320804,31.3687742827162,34.0881210981186,29.8998327754521,29.4788059459674,40.4598566482878,56.7274184147313,80.0749648766704,27.0739727413618,26.2678510731274,38.9743505398102,38.9743505398102,54.2770669804476,32.5269119345812,30.7083050655682,29.7153159162073,30.9030742807249,81.6272013485701,26.8514431641951,35.1567916624939,60.0999168052669,30.2489669245083,103.106740807767,26.7020598456374,45.4422710700071,85.5862138431184,27.4772633280682
