"","V1","V2","V3","V4","V5","V6","V7","V8","V9","V10","V11","V12","V13","V14","V15","V16","V17","V18","V19","V20","V21","V22","V23","V24","V25","V26","V27","V28","V29","V30","V31","V32","V33","V34","V35","V36","V37","V38","V39","V40","V41","V42","V43","V44","V45","V46","V47","V48","V49","V50","V51","V52","V53","V54","V55","V56","V57","V58","V59","V60","V61","V62","V63","V64","V65","V66","V67","V68","V69","V70","V71","V72","V73","V74","V75","V76","V77","V78","V79","V80","V81","V82","V83","V84","V85","V86","V87","V88","V89","V90","V91","V92","V93","V94","V95","V96","V97","V98","V99","V100","V101","V102","V103","V104","V105","V106","V107","V108","V109","V110","V111","V112","V113","V114","V115","V116","V117","V118","V119","V120","V121","V122","V123","V124","V125","V126"
"1",0,60.9320687891864,38.107537109615,43.7625714621217,62.8092914905512,38.8620849217697,106.615933077871,42.0665946222969,12.6178768323233,92.7596251568063,63.1063953110962,109.716799509973,32.5095033905302,68.6683757102984,81.6138517512239,64.6169824351591,20.9401662812027,62.0719958607262,24.3367757461867,26.5732305575911,74.0236866172333,40.7584926224947,32.5269949722502,40.1017165265074,46.7354428562335,84.3234951463611,78.6111071870853,86.1743690385046,43.7395498994042,38.5913924892745,58.3073232806084,36.4507430331126,24.830660949254,40.5018450804391,63.3653559797415,55.6149903510268,173.210077106804,76.4405740478828,29.2445343789473,36.2121043439814,49.1593573820865,44.2927369706262,39.8111221609619,36.9300172088711,35.2666452810887,36.4949579252566,104.616859396684,52.1539965989089,44.0829582546578,49.1871602871379,68.3438275210365,51.6153800443261,41.043022321282,34.9009905730864,37.1761535250064,57.7471919316513,83.5979217741935,75.8779093528958,41.4701683032714,109.823633174364,14.218474879468,69.927774333162,66.4830572958034,77.8915985181971,19.8387881897996,39.227559205032,43.383861432668,74.8982889090354,29.6285270656418,92.0661428021554,53.3771086409897,73.4465030638145,53.4177581077264,98.1373370184956,81.4905236216149,58.4754322714026,60.7734917185376,32.4732592806109,26.2209745928347,44.5334323044383,21.2671528268576,87.5823111475972,91.6107476222899,43.0334044669448,55.9762385358658,73.4949662416386,50.8606303439208,41.0111956099378,95.4324796293632,119.882464435046,26.5317377527325,53.1562841555683,20.4042841844469,97.4656512977568,25.9103299202292,40.9664750142005,13.5815946626579,39.2385696585091,73.6134278988981,25.1995823065821,40.4515113238614,99.7407645372648,44.5709983513121,14.6774580399097,31.090911751526,37.5236661430568,38.3555073545435,31.1759409146584,48.2447317193979,22.4689737799013,40.7682997438012,18.5539640649147,51.4805639403837,60.9344836408475,36.2906013135732,34.1959124480743,67.5783102314421,45.002198766982,59.6739666531861,86.7692049358723,58.9800280120546,66.4022079697604,77.870803127641,74.5369769032267,39.5475608367278,25.1010095806009
"2",60.9320687891864,0,86.021602452868,37.8711067018083,95.322771612289,82.4179130472879,136.925100087269,43.6904737382633,54.7607320857844,106.32752939993,111.771013056143,128.676932036168,53.1369704346059,94.1401553442028,91.8756028074031,26.2691591151176,57.1163336695166,100.63997227383,73.0836700200025,42.4142020572979,114.499956096136,55.0607336515396,46.2007811236997,57.5968977595822,31.5774774866258,122.68546884015,95.0698730649426,115.19058178373,69.532589248537,53.2835910995595,96.7002879501073,36.0920020710665,56.1278913777294,81.9533359004076,73.3024718096391,65.5285727720149,202.153723484497,89.7349478626335,53.7723552586507,42.7193714187754,26.362988088551,45.4959772799045,43.7304785512548,50.195286698469,68.1467478055647,33.6183101160443,125.615311117551,30.9675680306553,82.3733638316717,25.0430112994077,81.0290799352388,60.8270783333525,91.1627554399338,59.05319616831,82.6104419710936,60.2952127967023,127.309296525346,99.8058220372537,84.6839656472307,141.623346437923,56.2805387202388,105.239523269598,96.3997392336415,50.1384745765003,53.7889172353738,86.4563661621429,38.0263136599544,96.9868756804969,69.9654866330053,106.521952354147,91.9962356460388,82.5413375556116,104.076772527645,125.358477793306,113.358967691394,96.0280893473895,76.9421543206907,32.4877858888634,53.8098399647831,32.6350377995818,65.7553852256988,111.097419056329,130.897507720016,50.119988930585,97.4998253979563,81.6895089915245,67.5137448738802,52.4680789902639,117.785001790647,132.860886582546,76.7181256932147,65.3795749430196,65.4588107504349,123.951278730449,76.0259216148362,29.983060881883,52.0793144811873,49.6348089444573,99.4027836203818,71.667135154925,43.609870093159,127.918635136417,33.676348150331,57.5850902561987,40.6686539702718,43.9659719714355,49.412156097276,64.8436749374979,87.6517118259917,52.7787907647813,54.6215473391077,58.0296371127832,60.3930461981147,112.861875099409,35.713080043461,60.4629538791314,73.4485471824653,61.7094516955587,73.3073765695354,122.810427137998,83.2288954328967,106.4715422949,97.2031501673714,105.452554207604,53.3950477351126,77.6748018264118
"3",38.107537109615,86.021602452868,0,57.4302593624404,41.6338816124003,19.6549461848237,69.5169534896517,66.4985173252862,42.9155089957884,61.4440276273037,31.8503068158099,75.7693005897314,38.9603980942517,33.4516900325114,58.079905707142,90.9912024180711,39.4357586117795,48.0747793356718,23.8699869177147,46.6755120833059,39.8321697343031,55.3874430314258,48.9164635532012,61.4760114703684,73.4016503393004,56.2823486416209,55.3212207710951,53.982816182384,37.5023397028881,60.0580270823362,32.2992813380478,59.7835449132568,37.5078104126187,20.8216399320002,50.1855619967199,29.5704105442597,135.939550929637,40.2532302349129,34.2619258775344,49.8047562740533,75.1899403991765,53.5206415874951,55.6441336122426,53.311688707783,53.2297877603074,57.9356116221567,67.7122135348773,77.603343247195,23.7301177182006,74.6605735132382,39.0032345578137,35.3470767306519,46.660959891741,53.3416194351639,19.9267618276022,33.9393752785554,47.1909714785897,49.2920209278967,25.6326955434114,72.6196305587417,37.2262940043923,48.6841798351011,31.4242678399723,107.046579429798,50.0521452016274,28.2309900738867,68.3112518206326,38.2966996098956,30.6254201611084,59.9418690583722,26.9242918722519,37.9909614704242,23.9787341690331,60.5232078993634,45.8967728223787,29.5856367220493,51.4670619750625,57.6447609268706,37.3579260397171,69.7013797674316,38.4855178117444,50.4179618823271,60.0431877054751,44.3678211585189,46.6384571673186,38.8705169155936,39.8673582993469,58.9040667899184,58.3402910016553,83.0547156631633,24.2955977348451,31.1443872469937,39.482526841082,61.2057065957398,19.7141499257461,65.5805793659245,40.8420762581375,40.8124297475773,45.9113834741548,23.795100612518,65.0476578042499,62.9125123555149,69.1278916408546,42.2575368372763,48.2665310818799,52.3195949907402,43.0405722354016,43.2938956737178,34.2882365100444,52.8637929344799,56.7932173164989,52.014860993239,31.725138251751,36.1819350903971,60.6790301524904,39.1532134540082,36.2679827718142,27.2474850014185,28.4658801235679,49.3585396519392,23.9778962441081,52.22130630075,42.978480466983,37.7285630434503,41.7482695810232,33.3806633776991
"4",43.7625714621217,37.8711067018083,57.4302593624404,0,77.6278843781752,56.1386868868408,101.7578955623,40.3964418593372,42.8356644986345,71.1554790559719,78.4172385256159,105.938594526391,37.4591413128147,66.8097958376663,55.8451414393208,53.7763669430377,41.0576439165521,63.3748227206767,43.6573931413313,33.656241658128,83.4632454092174,31.4657952294616,39.5511004132886,53.3255234205314,40.9237683055082,85.3802618769758,58.2321532110678,78.3359413434503,54.39085078971,49.3234926168241,71.6789791820239,33.2840039613579,39.2447988416176,57.7204124483191,37.3225622465898,46.8959350556881,168.453688044248,66.0043405171164,36.0601130533327,36.296978397467,39.6137286842502,21.7810017923012,21.9621084474446,44.9435283462818,33.6495637992354,27.9796693860659,93.5437039603918,35.1419294204628,58.5769711413952,34.7923512551282,67.2789610943715,51.9477310182463,54.6969394194786,29.8775945774913,57.8341623817321,42.2943435429434,91.9541248939218,83.4858173252713,57.545742782458,106.517007461161,43.5585710068038,67.7732205771943,67.3273905833989,77.2086960993433,47.7214046667625,55.8859711538288,35.5387805534155,66.3509709896911,45.6650137566207,81.712007797911,60.8371249883768,59.4890349533809,75.9012651131755,95.3462724052436,82.6399791125352,64.7322259738144,39.5280822350066,29.7362626888122,41.8367956709492,32.428932909055,53.2937231365104,80.5908127767749,93.3593856075611,40.0328988855137,60.4434088172089,61.6204264732656,44.0126746015199,47.6189206603417,88.1758181154198,103.884138052535,48.3114096294881,56.4866291236552,47.7313278792102,92.6997377632527,46.2526356218223,34.2342784003836,37.1036391286902,40.5831769824428,71.3792006328161,47.5608342919794,41.7410274657252,99.6983645010416,31.3991692704928,43.0589409625587,34.0447620138503,39.7078023313682,39.6624576109753,57.0610120416743,59.3836138995677,49.3645596922933,50.3512389407895,52.7705248074402,51.1322843743216,80.8349041591295,36.7273008658084,44.7749709982475,56.1429106987178,42.1562269615205,49.5220902282909,88.836522859808,60.6291698693082,73.4335539979391,70.0543820508846,76.6034273942871,44.8882775216623,57.0784914798544
"5",62.8092914905512,95.322771612289,41.6338816124003,77.6278843781752,0,35.0110437572593,52.6366271772251,73.3860855900236,70.0665857232704,70.7342442616474,40.6329043736465,52.0285534413927,68.1760707403614,39.4038517443248,79.5599239299163,99.6424112909149,60.2114132836791,79.1811098528584,51.6361716871445,55.1089846725914,30.848690321871,82.9771073622511,52.2027243332132,63.596946501822,80.4023960921075,76.3540747141983,80.9378101103511,70.6136598892031,73.5857998524522,87.8018031907846,26.9589704803685,63.4120764514616,68.0982320586333,54.5418351440999,72.6448411578513,43.4005472510098,126.220775533164,53.348782205309,50.3027342789736,54.4279456236002,82.0810279072844,81.1991169042302,77.6458878130176,57.1254768757736,79.1784382699114,78.582256169348,51.1320286541485,80.547014028153,53.3873845736399,85.7271533801146,59.0532874589491,66.9105062457655,76.2716862970762,78.6210321230905,48.5843235205312,51.0351231675433,44.4704132641976,26.2039395256982,47.4272919256499,62.4850597157779,60.3816906512632,68.8868862262815,42.0547421666948,118.409739292309,79.4377630143993,46.4896646423282,71.0116574541649,48.1453101511209,44.8941101159661,53.5522386049645,33.3882585354961,51.6340787704648,42.6743213144039,64.6963663837472,43.9904786212384,42.0133759469128,71.9105328759963,68.2445775868912,45.9436891546324,72.6408542442859,59.9448632174627,48.3874582694804,75.2450473253258,56.0774436599214,75.0569396710233,29.8053869323639,60.8433767428729,61.2776682757466,58.9396619354082,71.415004853248,46.449613373825,61.3819029330208,65.4484589963576,44.0045571568833,51.2782532044673,71.9933822265874,65.715708891286,48.0391997249108,48.8221325048506,58.8593126722413,65.4333523579012,69.9498571520917,72.0960457310115,70.9975298459181,61.2142071267657,55.4967994321501,46.8963550946976,70.6774449993152,67.6227613552241,75.8766729359418,57.8400265494555,77.6104157891637,60.5437498917594,46.9644461015773,66.1457365137072,66.2053448045105,36.5965819511372,40.4731829273897,31.5458840524262,42.7695239513572,40.4489452282803,45.9529970040948,31.3163512102558,45.8022120807313,43.7913230735402,41.8872886813022
"6",38.8620849217697,82.4179130472879,19.6549461848237,56.1386868868408,35.0110437572593,0,68.74356726835,63.4318133677771,43.5368342563701,58.6477831950183,34.1436844091372,72.5481793563692,40.8724008481984,37.5892594919967,56.7855389181538,87.7538913888772,39.3094483622644,50.5370178928336,25.0652376423676,42.3835892828354,38.9156279688668,55.3078449590159,45.0219241592266,57.7384017206106,69.6870489200662,55.6991139670793,53.9931594082436,51.6900786027879,44.4333492703474,60.789939066758,31.0773314312745,55.5539454870308,38.6874601073184,25.7201839133319,46.2850991259178,29.5690285005286,136.178381917298,39.0734661788306,33.0352917140186,45.9169388939054,71.0864408007329,53.5530172296602,51.6205794553507,48.9449938102089,50.4768310045504,54.7669211836119,66.0676377049692,73.5000618270064,23.8674137067307,70.4071930603839,38.2853771005816,35.4261150581201,45.6705424815487,51.4944472166732,24.8499565500392,31.7415026269288,49.1196281440658,45.6220501113662,27.8607469263064,72.13151642153,35.332298709177,44.1222540685452,29.0844318741696,104.360180904361,51.7021987499184,27.4468887949822,64.1926719927287,38.3878857878277,21.7661254502175,57.9541622378427,27.603155690065,37.7102878672117,34.4562062121989,60.4068841147361,43.1176323040317,26.9929283436692,47.3135850715496,53.739109503407,32.4188941226606,65.4162411905976,37.62141694956,49.776190570119,59.793543453044,38.9779233666219,44.7773944429324,35.6996213810355,50.2176094553227,55.5331536736335,57.4705943534243,81.3220030367885,17.8074885997965,32.9446558587875,40.9053234446932,59.443990554245,20.9306566219552,61.5763256286834,40.4510060001947,36.6953707773209,44.2318441806321,30.2923452545035,59.9927275273752,62.6297946973465,64.8615345069038,43.7324867337053,44.673768909703,47.863712968678,38.9006055167303,45.4319395563611,43.2739435598113,53.9968121813889,52.3556108862015,53.7700136612238,32.6704498960293,46.0013061139837,56.3494398721761,39.1567779817443,32.0258274540229,28.7910508758104,25.7199745954826,49.2511421871077,27.7619405386651,51.0524365465996,41.3400463714932,36.7650695300875,37.45100993558,22.6793980783095
"7",106.615933077871,136.925100087269,69.5169534896517,101.7578955623,52.6366271772251,68.74356726835,0,121.25922929764,111.335583317295,67.0271343085395,48.2808148712753,30.3236439479977,105.669603699763,45.4700979589721,76.3128916785321,148.436240953472,103.815831619423,74.5905195026823,85.6460453283757,100.352982477787,33.9411160912793,106.103914072779,99.6305914377717,111.453310933666,130.777625049766,71.370066083772,76.1761291363373,64.9727848161825,89.1537454762932,123.031239470286,51.4959115650526,110.039403310174,105.094641525397,73.9169861816285,75.4444683337266,74.400553666012,80.5111138997627,52.228924448124,89.7792526658093,99.7558315713944,130.425549320226,96.9622705283993,97.5719596505754,102.693279937598,94.3319234224126,107.309422981143,26.024009832317,128.707394953889,70.64393343554,122.807309618739,62.6218833593897,82.2613268574569,80.1440439812825,104.765196742036,73.9826021933377,79.005702358706,29.3425047415428,48.5414405031893,70.4439337095699,28.9435321579223,103.221223012409,64.9406156050652,44.490078033043,168.517277161851,118.774785296755,69.8211970928927,119.137475642682,45.9121910435359,81.5910590202271,39.5283224309707,55.0794488253256,58.1629700383903,61.128020069228,41.5613650012155,31.7876112890358,50.6079458459282,73.5984857382432,111.650988311355,92.3424857519046,119.705136035656,104.44530809958,38.002605803537,68.940027140084,89.4379020361617,72.3141744253393,61.4762600276989,86.1841790876137,107.527165855749,37.6526577781465,40.1404087713862,81.2739144695198,78.0215529429833,107.887419624708,21.1398117349462,84.0094051429462,116.817962068996,107.998601851757,91.0284945740874,45.0757191719381,90.1824743546107,113.359838697278,46.7170823383313,118.873519643352,111.11259917241,101.462386823824,101.185118700649,93.0869354995914,112.383503922167,73.653475008478,120.890016959836,105.364134246596,121.138350872626,81.4021595885993,55.8655977044847,112.257400935727,105.486775420626,70.6941591946604,77.718594394686,65.1515717724333,22.6474030219758,58.5241691368538,53.7805776786402,41.9911435371513,36.8144404055919,91.7529008014115,87.3256100053258
"8",42.0665946222969,43.6904737382633,66.4985173252862,40.3964418593372,73.3860855900236,63.4318133677771,121.25922929764,0,36.0145633295927,96.4703642471334,92.3756074877478,112.884221923753,41.5483700363049,77.3911787960837,81.7321243607946,34.7245368452026,36.9579119135744,83.4113185383439,53.6271644233625,31.2167794717358,96.2762558073203,48.6429144706763,26.690746875124,27.9369121130785,23.4874779963412,105.776507288484,83.2662044099422,100.770281291354,59.3581838831925,47.3209261154563,76.8273378409692,26.7426732695961,39.1177979284425,61.2110009314567,62.8475633138283,53.9933565181853,188.977539256115,76.874308449638,33.6520638805558,29.4753792370519,30.8614103059152,50.3884552953457,46.4353534788751,27.3686456834967,54.5495157604995,42.6943239818589,110.894412315281,26.9331179630454,64.1615610397334,47.9095585949715,67.650082200084,51.1081208681308,73.6847935187758,47.5159788310405,61.2859201047927,53.5504169763916,109.176766374753,75.2310197299749,65.1550694884791,125.953513188209,39.5081716384801,88.2513101857173,79.1287205806489,53.3841983841806,39.4300057948891,67.2057848776598,32.3660968292793,81.4201542070962,51.6289573914587,94.5308387738025,74.4711988822092,71.4678697438922,82.0461310108114,109.809803263756,97.8081020046472,77.8518617365883,63.652358034502,30.4462942682076,33.40059534765,26.4874061282156,48.4174891126266,95.2240505851383,113.96215740745,40.478868503275,80.892648501734,69.8412840180913,58.9226055595985,28.6840449160284,105.296198774014,122.14683704242,57.0685024039171,53.6202035939104,44.3589024912298,107.064524761932,57.0774841018669,34.8914379707642,35.5162747490108,34.6056659859139,85.2611414733736,50.9278589404626,32.4167904044566,112.93140634469,21.4072287552866,40.5595632788914,34.4662083820049,40.3536384191581,37.6324072188906,41.4962031259157,70.7598739608143,34.9156885427057,32.7878996589256,38.4168505383851,49.7203867370118,94.2022979896904,26.5250133493835,44.3464640739745,62.9406212847076,48.2180560750707,62.4231297713388,105.689923386354,63.7992648712677,89.5764758325453,82.9724925580648,89.4324152968951,36.9622028306985,59.2677595946201
"9",12.6178768323233,54.7607320857844,42.9155089957884,42.8356644986345,70.0665857232704,43.5368342563701,111.335583317295,36.0145633295927,0,96.4692251777947,68.02354437228,114.646542376822,29.8020792441733,72.0904565982373,84.6128756001564,57.6274358549899,18.534128906409,65.711010545893,27.3201384726815,28.6003384192394,79.157935360003,38.924676440694,35.6841736268318,43.5691635491331,41.3366239294158,89.0174576201544,81.9668201700319,90.6989557336372,42.6992321730129,36.0997846624032,63.5302897678881,34.1819396862804,22.2184359744121,41.208230264492,66.6680001772348,59.131430298579,177.872540501269,79.1317412231665,31.6316351168698,38.0005693462802,43.2943042358204,45.426317638875,44.2799574966853,40.7404304615387,39.2101588220068,36.6455041695007,108.487440457867,45.7024550609043,45.8202425546639,45.8480822542979,69.9869590318982,53.131619401054,46.4710333931482,37.1063818998884,38.4202908298077,60.7076405951884,88.9107631429697,82.1577955813655,44.1891031604741,114.324522807186,19.2838910580598,74.2551931710763,69.9415144713686,71.0717669105715,14.4522741618325,43.1907698778228,37.8161976849794,78.1479944192087,32.3224767707126,95.0597833392177,58.1051044070058,76.0858122946537,55.5544554262095,101.546374222734,85.8146817643548,62.2328298560434,64.1314367047611,27.713420137203,30.4582882679662,39.4473301740094,24.4355965074305,90.9170635538067,96.5074376365204,45.064765017529,61.3877400924976,77.1235006210254,48.9275629087839,43.5724743293549,99.4958653152094,123.401897500661,31.0418210849721,54.1867128536942,13.4158669891312,101.787621168212,29.9732890204461,35.4207518240586,16.7112247171396,41.8494092463685,77.0121080198919,23.845227387079,40.0873452843124,103.226212602933,38.8390087253551,12.9157599482182,31.3063614709113,40.2766479106648,41.3187421825409,22.6250661971272,49.3398703131048,19.0991523253369,44.9795948058196,14.0912942585924,53.3664343852635,66.0123964424778,32.2825295743992,32.7692008848121,70.9975371034319,48.7743092719835,63.8826179090766,91.5574231788564,61.6888626799095,68.9738081624302,81.6952959598559,78.6326821123535,42.2391370948,33.6988828689522
"10",92.7596251568063,106.32752939993,61.4440276273037,71.1554790559719,70.7342442616474,58.6477831950183,67.0271343085395,96.4703642471334,96.4692251777947,0,61.0447841525771,92.1760171667073,89.0847410110106,60.2355255645254,27.6002584870726,122.625981128969,88.6834792122578,37.4086997603576,72.5283712291554,74.9428823743528,62.1767771718351,86.3068567679626,72.7289910448005,84.2853616174796,106.647446957165,31.3824581154042,27.9730884166206,23.056889625486,70.9976543567365,107.700514552881,62.0291973913721,81.1043548095503,89.2890225721163,66.7238263924803,36.2576049052671,52.1229577348443,119.563258136861,62.3660366630793,68.3509583804104,71.7959294083463,104.108454254143,62.9754689530724,65.8215347739989,76.0016216475558,74.2510190063892,77.3909397614474,73.9863197035994,99.4898229558344,62.4257425115719,91.0226484957462,68.6206711804418,59.8674523606084,57.3742092368941,87.1495233665883,66.4739403094262,52.4424980036631,62.770492621547,78.6776495028858,62.9624474274921,71.9767436791806,87.1634533782073,36.5093280590068,57.9191937967594,144.659203378246,104.093491260234,60.3132935785734,90.7999467395025,59.6664989201308,67.2143958683568,70.736673949859,51.0530777725127,58.2564811833707,72.275000733172,80.1855458937357,61.9141262665989,54.268305476693,36.9612749585132,84.8925245020174,71.6062972850304,90.0026673895149,91.284233893184,70.6840686273556,37.125655799885,63.1732838022777,39.6199340762241,55.7207117396333,70.1335591474551,78.8862428200307,72.2318222794593,80.7332057726646,68.7880578307459,62.5122413734216,94.911067749646,74.651893765064,71.0338462923295,87.7549794628897,92.0000869660727,64.6184432964281,58.7784560056584,76.8854606591398,83.7971582030003,82.3007204544994,89.5926404304121,96.6699006746121,75.7159297031277,72.2776390775388,65.9185656449339,99.0166394404909,61.1163276828909,107.223940513417,76.4078874055891,107.751169652805,59.6086947722927,62.5229786257342,84.3980551131719,91.1471743024356,56.2997959086016,54.6216956079071,46.1903541360755,64.0628842296368,61.2338557501699,55.7663607384213,58.7090431637603,63.223696536274,66.1381922836983,75.9032919086314
"11",63.1063953110962,111.771013056143,31.8503068158099,78.4172385256159,40.6329043736465,34.1436844091372,48.2808148712753,92.3756074877478,68.02354437228,61.0447841525771,0,58.8390122044059,64.8813587984183,23.3002751176411,64.3034156983546,117.784973573049,62.8332112241818,56.434518300141,44.3904786914681,72.66043808883,24.6889914162848,71.7655628644199,74.6350627040076,86.8254451833079,99.8736363116601,60.2828925790514,61.0523236035073,53.5239841778071,50.630373920409,80.399836888399,25.6083628040785,85.6828017892891,62.6894198457149,36.4153127602108,60.7202410311814,52.3054207079334,112.729712228872,29.838293008204,59.9143840832165,75.4233783834143,101.691156838065,72.9564297975597,74.2873053873051,78.7555598482569,64.9138790437824,81.4516024901944,48.5598350441686,103.741656127847,32.7603004790703,99.5182977883457,45.3835699140806,56.6003553621073,55.8204267961844,69.4277682836747,39.0025606108268,57.4637453679641,30.9320682993165,43.0514985730715,30.744502029207,50.1951706653501,63.0503087429805,55.3159111755521,18.5892450315498,134.201373030348,74.1283532752904,30.7189442991134,93.8718090712583,28.3822027396384,45.9923768964234,39.1471237552274,25.3370674064127,36.2173450094003,24.4493712489529,41.5517346614346,37.930212946222,17.7060253097939,60.7798731423672,84.1676674429769,62.0582190387012,95.6286304124334,61.2108139433276,38.6677839116609,57.3381977502988,65.1695265539937,55.4559186771829,42.1110957269933,48.9054708192743,84.5191792852901,46.0639388615373,62.9478831048032,43.1834582344372,53.0420687436832,63.0551694090108,41.7381642319941,40.2876968865909,91.7189820404139,66.8234359900095,66.5701662213524,27.4713178484113,48.3139886929387,90.2732966867353,45.7341534933158,94.5801015588845,66.4504086171226,73.6697424956303,77.5511222247778,68.3360945450917,68.0528694059937,37.6669894990269,76.2386406022327,82.8146773489187,75.24687364306,56.7841360637009,24.9366727524327,86.6857029198264,61.5005687902592,49.3839931641628,52.5721106719188,44.3129263499168,30.3115139420587,37.016576564346,25.0314711296331,28.5711050758175,29.8568867503648,66.5981871366371,47.4639721261528
"12",109.716799509973,128.676932036168,75.7693005897314,105.938594526391,52.0285534413927,72.5481793563692,30.3236439479977,112.884221923753,114.646542376822,92.1760171667073,58.8390122044059,0,109.556049836569,50.1233701680367,101.032507404966,140.48935932898,106.020700313555,100.643869784328,90.891788168011,93.9654572478678,40.7811107195175,117.021840559677,88.9109282349766,99.5370336841468,123.431017377432,97.0691223265393,100.93258307285,90.304564119686,100.346595748094,130.592780371655,53.12270407072,98.5700033153523,109.396229984142,82.5901842400717,93.7443644842622,71.9879098668243,86.6258856934841,64.1487396322262,88.6534447821017,89.0341508774445,121.487511384097,106.516027278859,103.696636318631,89.663076717195,107.99949167356,108.406837217372,45.6963012897086,115.506314580466,79.2372934959959,116.423549469272,66.462715263749,87.7898556976666,100.217920445553,114.490560861668,82.7090145726611,76.9831597475875,50.9136640896678,45.7549272165839,79.1284549209871,38.7665273073131,105.135774880309,89.416982429322,53.510131125228,161.940273487673,123.438640606236,77.6384715030348,107.577240118192,67.7392875303733,85.2407613070226,33.1227933636714,61.9201844597859,67.2319740837852,70.2871539733494,62.4287001144595,50.7177661301276,61.720209163465,93.7026251448242,105.199167278709,87.8219476706486,106.304015161065,107.082753303179,62.3278580535954,95.0019253780208,86.7220907970991,95.7909076916144,47.9936848544099,91.883576563529,93.533278200195,56.3025479815952,32.3296882973516,86.7304303955507,83.4116760853786,112.157654201866,37.0402729072598,90.013362844272,106.860405871966,110.77162941694,82.6669042821043,63.0599862067211,97.5210183472122,98.8821084658136,64.2536680229577,106.339811532924,115.483099266348,97.3672499354929,89.2003241140693,83.4436350298914,116.349712998846,89.4811124082936,123.745754668573,90.080457392975,124.904767723397,84.0134581122235,65.5798632336625,101.662075776044,109.392072644621,60.5480322448886,74.2270174385932,60.5874472602115,43.4961896063743,63.9240504095086,63.5915987258507,40.3252720248087,49.8189457051656,81.8991853524327,90.350690917464
"13",32.5095033905302,53.1369704346059,38.9603980942517,37.4591413128147,68.1760707403614,40.8724008481984,105.669603699763,41.5483700363049,29.8020792441733,89.0847410110106,64.8813587984183,109.556049836569,0,65.4662208956994,77.641217497444,57.8990748134794,25.4535976078336,60.1235894348532,23.7911877896875,31.1693620577095,74.6593099935644,36.687243187059,35.1656759820357,48.0448567957871,44.9624778716035,83.8064119113311,74.7176460852069,83.8714528352993,30.0804095253872,36.1128213446142,60.3335175070361,30.7865513078437,17.8672159000739,36.204071941104,59.5414365012865,52.8346947625708,171.593028938962,71.5304321917926,27.4273865073188,35.0983656575239,47.3463185549767,38.4792581209266,33.3074021183663,41.0621821901259,32.1870062686442,30.4412481755362,102.545249494826,48.4878805817845,37.6724319416111,43.7699163562971,61.1811044850387,43.7089152588756,42.2077111680524,35.5930327970474,42.8259773790965,53.1358092979962,84.4403799742608,79.9014467332178,42.3943891835173,108.56990765339,24.539405348252,68.5066158429696,63.3032199940271,72.2787587766238,33.2675388943413,38.5721275591441,40.4883955695642,71.3330205887239,33.4952988975573,88.7805941424588,51.6925599097674,68.4782405888795,57.5327936303075,94.7541408464584,79.1067808813208,56.5334516202637,56.5884138388541,30.7855070971652,30.7679830850303,37.6894053339323,33.0811688973358,84.7131568188536,91.6155684792181,37.9643393868456,54.752742835534,71.0088144966503,23.484056376787,45.2866874666645,91.3227505553298,116.393206081001,30.7245369851848,43.2746744664836,37.2483376942527,96.5395264616456,25.8154201831635,36.1510136033743,34.8522394956674,38.7970460578364,70.7077400827826,27.1964980461039,37.9327938314523,95.8967244180843,39.0187661579883,24.5640936657754,25.0336643507523,34.9282330023409,37.6779662127092,34.9449290431617,39.1879983415129,24.2445637898616,44.5343857904338,29.0894827090869,44.4218701801606,62.3465817537573,31.5617427375567,34.5624295268939,64.3137808865978,41.3984350507048,56.4559485091392,85.9742386881733,56.2066979997428,67.2140696767998,75.0466341583908,71.325697558566,42.8231092790023,39.9143491373215
"14",68.6683757102984,94.1401553442028,33.4516900325114,66.8097958376663,39.4038517443248,37.5892594919967,45.4700979589721,77.3911787960837,72.0904565982373,60.2355255645254,23.3002751176411,50.1233701680367,65.4662208956994,0,65.6213098257279,103.657762241944,63.7391713090596,58.9984595181461,47.5854195107506,56.3953617579684,26.8577390348214,73.5250559625598,56.7774869552702,68.7380371641954,87.1471668087684,62.1595204517762,63.7511838041295,54.694380580384,53.9030826320731,86.6657456374682,23.8951999656326,66.6141221381405,64.8471775726503,38.1409629972314,61.0011010273533,39.4734792725358,113.28465720651,22.9804112712152,46.0460908673236,56.6272261568013,86.5738996300649,65.5790550684635,66.3339972492019,61.2307560696766,67.8224469323984,68.9044457442556,42.3455939621559,85.1538730225252,36.1184369347344,82.8140486830981,42.6234954805348,45.7525197340084,59.6206902868807,72.4395392453741,43.7942633205101,39.5771672788617,36.7802498772956,36.516391101344,36.3153130771663,51.7599984376631,63.2285424521093,57.0816889500288,24.0266101248049,124.051034378032,80.2245973330228,33.3973801059726,75.3405622507407,23.5052606316958,44.051721330828,38.2757421972128,21.2808694395286,23.3174802666373,27.2988851062109,36.0191617133169,32.545450035875,25.9152864843923,60.8022109356325,67.644195217066,49.5038199186574,76.3045114357812,67.1581031727169,31.5704260384604,60.0158627213624,47.3965430065833,58.5143508220675,34.9380592677105,47.4554867301113,65.421010835756,33.0674340827177,53.147975231235,45.215969528432,39.6137046439801,70.5295509936907,36.8730963346113,45.8189558768314,72.9544581835015,68.7043902238476,49.5261439008816,27.7500350605381,51.7377739967511,71.8626726288131,43.2847239874446,75.0764164966799,72.1657561562168,56.75920763869,58.1675362545127,49.4950196695247,73.1190900088214,43.9598464834942,82.3507680908493,63.7663967243814,82.7891858056715,40.6329886020596,26.0097275840874,68.512502993478,66.4279459829097,30.724518357142,34.0528310651943,33.2085543859909,30.9475600767885,26.467245366781,31.3373461299178,15.1239359791758,23.0017628738135,50.4274284964598,52.8711924200952
"15",81.6138517512239,91.8756028074031,58.079905707142,55.8451414393208,79.5599239299163,56.7855389181538,76.3128916785321,81.7321243607946,84.6128756001564,27.6002584870726,64.3034156983546,101.032507404966,77.641217497444,65.6213098257279,0,108.343942436327,77.1020836250086,27.0489747837801,62.144692919412,62.1243949086643,70.5172506163981,74.262029302013,60.1855499306956,73.6972012483873,92.7584659730374,35.1779996045648,20.3989772349318,31.7134397228479,62.7579959994523,96.149500759966,69.5160404435297,67.3395310258784,77.8460208168615,62.3123159477454,20.521399940263,52.4292278354121,128.748261109111,65.2672111927303,56.7811209126402,58.6074131324026,89.860565156783,48.9797875260629,52.0076362324432,63.1069042297518,62.1018725428407,63.2772712082156,80.3362026839873,85.2089107346838,60.0135830307489,76.6778579962909,70.9089142079946,56.7722227667427,46.7727917173572,75.1635306870373,62.1793220500853,47.8191072439796,67.7873360930428,87.1959073276824,59.7085115574518,78.4273163510607,76.1383324820439,24.2896572686174,62.8320822926594,130.801925264732,92.4552705697432,55.481897725256,76.9003177223231,62.2833592176931,58.9779245416462,77.2874496141531,54.5760477159808,60.6474577159215,73.277024400797,83.0581617797761,68.0704072822599,57.5436684982152,21.4806368867482,71.190349829742,60.5457348429874,75.8773214948596,80.8665685885344,73.94918813621,43.1738134946644,52.5695593748734,30.8024867659486,63.6668004381144,60.400694702808,67.444029733723,76.3203081022493,86.814561554794,60.4301863802561,61.0305744104698,84.1122192729635,82.0709480656816,61.6457562049324,73.8569093243763,80.4854763092435,54.1898990166267,64.3551416928053,67.3879333518909,70.8060558640404,85.408414372619,75.3014777758788,85.4084633773305,62.7953165995028,59.790076416081,55.2679400793717,88.4146621105608,58.437928979317,95.3356978167267,66.6521354540297,96.5115845518566,56.1846017791951,66.6862568767847,70.3159895220671,79.8709754639722,60.4659861133397,50.0102375988044,51.3807373058339,70.054550937378,63.586017799123,59.4671205326801,66.5382757417954,68.5416296346442,57.2545688825186,69.1364701588212
"16",64.6169824351591,26.2691591151176,90.9912024180711,53.7763669430377,99.6424112909149,87.7538913888772,148.436240953472,34.7245368452026,57.6274358549899,122.625981128969,117.784973573049,140.48935932898,57.8990748134794,103.657762241944,108.343942436327,0,59.6542937410816,108.773755600408,77.6821050250762,48.7768142258136,122.111260502265,60.2560610951006,51.9886533431583,51.1379467678642,22.722924175076,132.104104735958,109.441394272993,126.868138764661,75.0926524332913,58.0983418096836,102.490787883073,44.9104962562528,59.5573256405534,86.0537877191153,88.7590634510477,78.8492671123464,215.447056023413,103.34747071772,59.4598323988962,53.4081717729484,23.6102508913614,60.5841870790649,56.8759479230496,54.1307530871011,73.6521615760009,46.1514591149067,138.827302351773,30.8433213128786,87.7398441400953,41.9340402610716,91.26436644089,71.8757392324449,97.0806883678335,64.1539305734317,86.5746671415027,77.9393875244104,135.209632644898,105.418222715542,89.5240240865232,152.921228764325,59.248807970665,114.553171144827,105.366946806738,24.4166333000642,56.503111890941,91.6331488997523,37.8196881418114,108.492569668293,74.4976805634756,120.329472184229,99.0650666843836,97.628553995098,107.764649833174,136.345865215409,123.372141959194,103.460050440117,89.8556226300927,38.4559806916385,57.4045133118354,39.9580574457895,67.8784504689799,122.619498355466,140.393076220238,62.4293056218961,105.144619469378,96.5907005044391,73.9695702189113,55.2804064506883,130.377440234955,149.106450916879,81.1180729632723,74.2042278317804,67.9324124300063,135.044147637696,80.7782890467853,38.9520487221704,56.329776733948,59.9960192557749,109.751254851819,75.0547289412596,46.4812526129571,138.628343336176,40.2990661302568,61.3719077016249,48.297046302573,54.8545755834387,58.4225186566973,63.0273728304668,93.2070852219774,56.2258251411194,57.0517887686257,59.8926444916603,72.0915322455804,118.091369892671,40.9733890628499,64.2746033911029,88.6921711798126,71.6673359018796,86.3297504672948,132.188970649542,91.3596508224945,113.20712806885,109.332379140029,114.821884681224,59.3731359614019,80.6061816575258
"17",20.9401662812027,57.1163336695166,39.4357586117795,41.0576439165521,60.2114132836791,39.3094483622644,103.815831619423,36.9579119135744,18.534128906409,88.6834792122578,62.8332112241818,106.020700313555,25.4535976078336,63.7391713090596,77.1020836250086,59.6542937410816,0,59.4477607374369,25.1211316368155,21.8305063772913,72.8670770952114,42.4761439304751,28.0993394695061,35.6268882602507,43.2929291696865,82.9067196262258,74.5278372351958,83.3816171406278,45.9167974822061,39.3037951260333,55.5253892841539,32.2260322510286,20.7653707907291,36.0379082872587,59.4673947573348,50.6781309396876,171.587942449745,71.6724729288777,25.2838732591898,30.4746398985691,46.5435765442145,41.7751389127375,43.4848042251141,34.0730488699903,42.4447024269986,38.5722776319047,100.554825560536,47.7842424502292,43.1565476908366,47.6894858208396,63.0028119821701,46.0077055451423,43.9513526490843,39.9148884933082,36.6451987348066,52.5760322264899,82.9061340998218,72.1773866908601,38.6094606736598,107.427940295213,20.1149290199017,67.4192728690029,62.4693993092636,73.8888595217868,23.7222045876011,36.7605289766495,37.6707773125505,70.2635258166312,24.1939948943412,86.5678330566761,50.3778327504304,68.2277941808375,50.9199552582784,94.8746523814854,79.2562493280981,55.3501731496156,57.271407588598,28.9770928734344,25.0843047599889,40.5870145807531,29.0219438864428,83.1502164337927,90.3177182603468,36.5886325784807,54.7581332306796,68.5783008372196,41.2624999157518,35.5488218851333,91.9829987655958,115.980620629918,26.5469064098028,48.3776636514288,17.8273930120996,93.8287718103165,25.2942075876306,36.2136926425901,17.0102819719251,34.3736578627895,68.2642868793505,23.9464794929285,39.2953238057291,98.0262251661672,38.443175841996,14.5536745689802,24.2353813491201,32.0855247074613,31.6679390981228,35.167402290128,43.0978054073836,21.2042876027207,37.0736881291598,24.3955655804654,46.5523913381297,61.1066289252877,33.7812018591657,23.8965193756244,62.4763152839285,39.9181066094521,55.1705911937768,84.9426154402847,53.6177668438804,60.4455235722866,73.4257232255733,71.8440636792934,32.2973411168012,27.008199879768
"18",62.0719958607262,100.63997227383,48.0747793356718,63.3748227206767,79.1811098528584,50.5370178928336,74.5905195026823,83.4113185383439,65.711010545893,37.4086997603576,56.434518300141,100.643869784328,60.1235894348532,58.9984595181461,27.0489747837801,108.773755600408,59.4477607374369,0,44.3724245828328,63.317153947124,69.1093638623596,56.5940636918767,65.9165686657846,79.973677894328,90.6966176719894,24.9000401845834,19.5175750079168,30.0119807972478,47.0939999903947,75.623440970755,68.5044120862205,75.5453959865629,59.3962931225187,48.1317951865127,30.8691500807303,50.4224603565062,122.597970209565,51.3750707965171,51.6324589945699,65.9226622879171,92.0644726419896,56.253202317159,57.2846729294768,70.8514211230199,42.6716740168555,68.5281121768803,75.7999758034389,93.6696099931238,46.9551102570583,87.4159212276162,55.4527149515037,49.4380938016042,24.430172342572,56.1493788658943,48.9078726694009,47.8121558505434,59.0106905164528,85.9972494299897,47.2100546744554,70.3243811274195,59.7823736908434,19.1271904580111,56.1489606440927,126.63807420194,72.503491155033,46.5137992578494,83.9263378089058,50.565015026418,45.1125869457998,72.2709836761507,50.9531434846661,46.203827115076,63.7720072785053,69.0888540073574,63.6417269889396,50.3842243222701,25.4053677192864,74.0218926711144,55.8272829436506,85.4251052808109,63.494445662812,63.6255087677659,32.3566547565435,54.7692676299506,18.4507839686626,62.5344379824801,46.4333884483503,76.5497738845884,64.3870817296828,82.2676412292969,44.8580508355023,48.2917504226991,63.4419142459643,78.7706338995686,44.0453330220796,81.5247118005014,62.6532578773536,57.8892012519973,60.0954834371685,48.2320094239217,79.9093151569799,70.8298163612311,84.441322001476,65.5081682156272,63.8309810130551,68.0723672098685,60.3587720070139,68.9937889093226,47.6993209059209,75.2353832159253,75.4353369102923,75.7908101279511,49.2656749855359,63.3321767142772,76.7320933296608,60.9412533778231,56.9954489327065,48.834486922741,50.8334190641957,63.5261751741068,54.621567313586,54.587124349349,63.9550541289408,60.8356112350443,60.6751445106473,58.3416120263157
