"","V1","V2","V3","V4","V5","V6","V7","V8","V9","V10","V11","V12","V13","V14","V15","V16","V17","V18","V19","V20","V21","V22","V23","V24","V25","V26","V27","V28","V29","V30","V31","V32","V33","V34","V35","V36","V37","V38","V39","V40","V41","V42","V43","V44","V45","V46","V47","V48","V49","V50","V51","V52","V53","V54","V55","V56","V57","V58","V59","V60","V61","V62","V63","V64","V65","V66","V67","V68","V69","V70","V71","V72","V73","V74","V75","V76","V77","V78","V79","V80","V81","V82","V83","V84","V85","V86","V87","V88","V89","V90","V91","V92","V93","V94","V95","V96","V97","V98","V99","V100","V101","V102","V103","V104","V105","V106","V107","V108","V109","V110","V111","V112","V113","V114","V115","V116","V117","V118","V119","V120","V121","V122","V123","V124","V125","V126","V127"
"1",0,43.8708390494854,36.34823420306,71.8823073680799,30.8194375012864,13.9701825045096,23.8179612779142,42.1470903584819,36.8594252344738,104.977428416253,27.3485507876305,32.9870827923704,37.3009980072046,51.7834110507083,33.6489784835283,30.9412257752971,19.8158758987178,58.113011456822,33.8825753756476,61.3773884849673,74.5737384970256,38.178924293013,39.3799933292852,44.725929056102,51.8695916089389,62.3603356207066,64.5511448128257,17.7500569675303,23.4369605849519,21.5374535988997,47.604380513925,51.2620301725238,12.3890212777989,44.7318493179171,67.9977861629668,35.6390900013849,52.7725473710626,33.5121968730348,63.6813246442051,36.5952033949124,25.7335811551471,67.3353246053498,45.616105680837,41.383578694685,64.9993515952008,53.4339778411296,39.9052142683516,46.4516143212483,48.9397108407643,32.9452356418403,35.2690771965348,62.5139311666474,54.2502563543174,97.4269793560069,37.5016669901581,32.3677782797376,33.894501994159,67.8198604708272,21.3369495805772,22.2583588686066,54.6416029493507,49.8818926546592,64.5549178759102,50.3039052530014,10.5719775381758,101.092849430565,9.41044358350425,30.1686578816347,79.2088365677248,19.3407735254329,42.9440141830926,69.0208442462041,22.5622588804877,82.3621720312089,30.8611829888794,52.4410336622338,21.0811197284921,35.566830973767,23.9740602592784,64.2245935533052,11.9798028832513,26.4838982183711,36.4761746221012,59.4313491613005,95.5623800694438,32.0520935655643,69.1164211991716,95.2261383893527,23.2277790134136,37.20895447604,17.6842593488401,40.4831431366713,57.3653841089549,45.1667070382488,61.9265790356317,42.7391267823336,17.8024597365169,77.288362573818,33.3097064466123,30.1658844537038,69.5761408577962,28.344346260024,21.7560489629139,30.6712012280199,43.3937170983079,32.4540110599413,36.9343005734657,50.9169645586541,52.1621244797105,64.342471028221,30.4273610836966,37.7120884428781,60.4651496477047,63.5470704634463,24.7814140909495,67.9511303669211,50.5588522650233,47.8280774831302,30.0353904764587,43.5259798954024,83.5531362333193,14.6265470564854,34.3664221586921,48.6551946210854,42.134850957975,19.9569904149326,28.6013525603023
"2",43.8708390494854,0,41.1133636720414,50.2938838694403,30.1505454212066,32.6117445168463,50.6719960038346,32.4656349956121,31.4307758930746,61.8062112478156,43.1531707794756,51.7015794411103,13.0834222915827,42.8804241222489,37.0655897793123,38.1632694308882,39.0519426617396,49.3669896157898,41.4287673070633,18.4873791251964,59.71943449832,38.0493202851316,37.6655355363705,34.9827447103364,42.5827777058342,19.3109644343643,23.7248842930857,41.638509009947,40.4176161325371,29.926865276689,35.3726179980043,41.0767832123235,39.3023519082668,39.7352486915449,54.0375963821753,33.3279166625334,44.0401757477373,16.8579739814819,50.9553472670144,54.3415951535006,34.2839181987716,31.7111748809519,37.948138169251,31.1290099600744,90.4146176063641,44.9355822610004,22.1105090928536,33.6112977327167,38.4241271823695,12.6735454887391,31.5757101851617,19.1936119720878,38.3575310128607,55.2825195670836,9.36904680068525,47.8544193756839,40.6489617622629,27.6473684551847,34.7815155397739,27.6106652487914,22.4235271455312,14.6439933747146,41.5990329440576,34.3759501576315,37.6404490859712,70.4893559377765,44.4066577175227,43.9894719668378,51.2282222023187,37.9439090945807,40.7852902768001,49.8546318985545,30.5635687021539,39.8405840696074,38.3203714970088,56.3098651960901,30.4369983227509,43.1297115835717,37.4306400449075,43.5223085684185,48.8323240548041,36.9230493929556,35.7197280604084,43.2081124249979,71.6717362507788,48.8806596462693,70.3207667055579,71.1577530120964,32.8743595421732,36.0819093946828,34.1178571255022,35.2545841268922,43.860324923178,33.3776359149222,47.7488444235299,34.2387864020187,29.7744893744228,50.5129927887745,34.5608973414122,34.7062980725896,50.4437144993541,36.0651662165459,31.0042397832011,43.0444412001101,42.680665532027,38.4136422289396,52.3628612190461,39.0795796136563,49.6183616491578,53.6237292568803,30.7375211825216,53.4102746820289,36.4169785968718,44.8102976901658,43.612872674835,47.0729134879383,40.300523204402,43.3532112218312,42.1517136906856,31.045154511265,53.0592679094848,39.6000313842936,46.6031688708897,46.0210332024647,38.6235869513121,35.1157999589784,32.7178157315328
"3",36.34823420306,41.1133636720414,0,59.2944435950624,39.0420571461586,35.2075198403977,42.5134486026695,32.6379176013472,29.6814924850196,84.7902963234929,44.7880555565022,26.173645801698,45.0444647133913,49.07544907229,31.595773203095,40.3333058361068,32.8862603720104,62.2583429631694,18.4717022732428,46.000877518415,69.5151999694677,26.4612445378877,34.7315993356158,30.1364038236583,48.6627372815254,41.5119596743891,51.0262902956035,35.5944774650633,40.7361564908185,34.0921626706256,37.4829281281259,57.6775645770655,32.5810506082419,40.6685492728336,71.072546149846,25.9023921419993,50.3372743712335,35.2369111734727,62.3224775088465,21.6444113999222,32.1788685708574,72.2706938941087,37.1073702382657,31.8762911944405,76.3471268503281,62.5388187862786,19.1829025855803,34.8997450982846,60.7195644615923,41.1936981295173,11.9478708137938,48.3549842856026,40.7719154909734,86.7157035010904,40.0879635192472,24.709214663076,50.8490675921065,63.555903092326,36.797399805105,32.2949016245483,63.2130403393694,34.2322488208372,46.6758067504236,35.194249593354,31.4436878764209,93.08002548114,35.4500931292083,24.4231308631323,69.6808826122013,33.7246687983493,51.8743809684624,63.1213747997464,34.8714738798642,59.0295989988277,44.7611196287323,62.3966038559781,31.5858879187196,26.0682686607179,40.7969330038214,58.5645052341376,38.9513036297187,38.849429778277,25.7598689365791,43.5077829983617,95.2687152444451,25.1456796645406,80.4170297864729,86.4155922428712,31.2375244903283,10.4717921223494,33.9189990149493,35.8326812747091,58.9980737287536,35.065323189328,55.0205086528561,31.3963439063713,28.1909386938782,62.3829838134961,23.1068334294131,36.2097251545106,66.4665749001839,38.461188253234,32.9146359715243,47.0648837950777,47.3647796790115,27.4569267593802,22.4538190721462,38.6693605300009,63.7454627042836,64.846284017765,35.9428717914298,19.4883168545038,45.9089806856325,45.5347175783211,33.9805240598907,50.3810995485921,41.7767249539564,55.116529457409,48.1967580850834,28.7246337529722,71.6453077895425,34.761171349737,23.2112239063056,61.13742850765,32.2422522708333,31.3831368862868,42.1792708366001
"4",71.8823073680799,50.2938838694403,59.2944435950624,0,43.7948391403733,58.7102277358525,78.1224293483484,36.0654418933021,39.2995742553135,51.0878160685553,62.4127832401277,65.8098587893907,51.2147128736389,21.7128545722908,47.2562412415472,54.9812292382622,66.8928920354783,19.1992543213542,60.3701716344019,49.0187714470852,22.5204771032958,59.3911361061446,48.2417756440971,40.1922830013256,32.4571832526902,47.3473371173836,42.5020211686052,68.7402753405295,61.8430089676769,54.6915435652435,29.6539713763843,24.4646527908222,66.8366850206005,29.7168243257323,17.9958886115153,45.1072897656686,21.2108417288418,54.1986105383437,19.0990666506792,68.0248015952114,60.7294445992591,48.3659559657485,32.6867199581586,35.9639922078866,112.460126955315,26.3006742573918,50.2112433959807,28.9952076754943,29.1432265555876,53.2973661649657,56.3521992378153,46.7428487565713,24.4701775431597,46.4052289861635,51.0740119953105,60.8235802741928,41.9721738705442,45.9626458391009,55.6663290979349,50.1463818531525,50.507997692161,45.7978334098384,22.2740893797016,31.3275191661205,65.7151320312537,39.3447296308839,72.828190797749,58.037045083438,18.5645336000723,64.8174539002591,31.9571915259815,25.3144034776742,50.0370611142139,43.9246249638809,47.3807566371952,34.1264599672273,56.3795140030349,56.901610588215,53.4906340844776,13.9357414338869,77.0280700468517,52.4182317420141,46.9223290181284,31.3711871344728,41.5614093081107,62.5979896825597,32.9725973942695,28.9448877104421,59.8819660803799,57.0073343753226,58.1165160899703,35.5924484585369,19.3092368675559,30.6793626856178,19.6424390514514,45.141324394918,55.6053664960801,18.8268287785735,48.3707130013358,59.6252182037225,17.3140371828981,47.4744645724786,55.1380258729734,49.5932475232488,39.96155421395,50.9398579459716,65.1426529480295,32.4704683251431,29.1393106620826,20.3501096145896,42.2450362269587,66.4402982301561,21.0563440191247,22.2562978273168,72.3135392718143,20.0856839244229,25.8022955701775,26.2847870460965,53.9263344067493,36.8833177551153,20.2213077905638,66.174027218002,61.0892022750691,35.4635872908265,44.4734576661782,62.6235027146893,44.918539493406
"5",30.8194375012864,30.1505454212066,39.0420571461586,43.7948391403733,0,19.0542211519166,36.135532691007,19.9996662388605,22.881361409877,75.7783348447602,23.1605822974434,47.338458433161,28.4036914998956,27.4784533381995,28.442454934396,33.2962897585277,26.2136328003813,33.4384391177847,38.5041772213118,34.9755966811052,44.9455378331571,36.7798214595235,38.4503601151615,28.3865163570997,22.874170037604,35.6219213231817,36.7559164878,27.875558907336,29.7263083329022,22.3468378935858,26.5015149055257,25.4217931138661,25.4384799286643,25.9393517488836,40.1388575761491,27.3935823298126,25.4263487569513,28.9549112568309,36.0837489025044,50.1261748037568,24.772260632189,41.663187596502,26.797029168702,19.6374345286193,78.3042265859681,32.3892779372045,28.3710648753872,18.6460006710287,28.8136131257134,30.0998701304906,33.3465348836686,35.376696500678,27.1107242296034,68.741342570954,29.9295800537336,43.1772969150811,18.1125933970631,40.2015367788673,21.9934989935424,13.5534165803799,33.2962264593776,30.5768253296107,36.5503432410751,31.3355304553705,24.7930211331145,73.3352019683496,31.5133355851904,39.1858705411694,50.5666056057705,22.7827193745351,29.5801225558061,40.965740609049,17.8264266374109,53.9502216336588,27.8428187176123,30.3683720715,17.1871394376901,41.1363294261224,23.6214115972521,35.0531813797527,35.1787656747853,17.8056146342403,30.4939656136135,34.2409837888021,67.1913868866943,44.9693432663712,48.3296935421239,66.8890344839565,24.1996822579581,35.4468706458839,22.9643530668467,28.831569689727,29.3953691904041,19.8992015755952,37.4597628466361,41.0880894315731,22.2630363677954,48.0941893555561,29.2874099372736,32.0271636983059,42.3625148937084,25.2079383448115,15.9058097656343,25.4056605710725,41.4822093518973,32.20792468434,48.2835751619352,21.6830640250319,26.4901112858625,42.0377242950211,17.2894933649775,49.6853219097549,31.4404873512434,37.0804467455451,31.9651426871654,38.3621987392811,28.4764595834372,22.9023493432147,17.8422858904947,24.687246570624,53.9468053054534,23.9662881657864,43.777348406293,25.5481920720333,28.119684200063,23.989399759783,22.2319051164655
"6",13.9701825045096,32.6117445168463,35.2075198403977,58.7102277358525,19.0542211519166,0,24.7688442556483,29.3510815110194,25.7856092276023,91.6705400040401,23.988606809596,41.3645801522999,30.6921775579132,38.8126107505037,26.7496452279139,31.3667689963009,17.3285478821649,45.0195466635245,35.4936120751493,48.5726013221689,61.3645377280132,36.2078120899957,37.8569716260891,33.102720382586,39.8755241799587,49.6767270764259,51.6487791772762,17.3323901468838,25.721827141636,20.7610954706898,35.5543603487235,37.8308664702942,12.3083720602489,32.2073886547806,54.4573206054014,26.1773161441842,39.7121174608364,30.4726530669575,50.5054207131971,44.6698494679176,24.2065928955781,53.9839694686798,33.3904838316165,28.7517559087295,70.9977859036949,40.2036146773393,31.5762674760285,33.432836434687,37.2296382737284,26.1064231803074,31.7820699606923,49.6666851258832,41.2025872402781,83.9193294968744,30.0653712750779,37.7425272765449,22.824243909617,54.363413484034,19.9534109510803,12.3095308306692,42.5428395544552,38.4960931866528,51.6124850561082,38.9465119035528,9.82064039470634,87.5321590441308,15.9445820330898,33.8347615515773,65.7898854170765,17.6381265363966,33.09785185008,55.735638766032,11.1481057763527,69.3151128478595,28.2130962489063,42.0623290624666,16.9740302822465,37.2564124849038,20.7463021640033,50.8017652795812,19.6688222466025,22.6859900733386,28.7103127312804,46.5414004039297,81.9106501311926,39.2531593478842,57.8261762996157,81.8466890920814,23.4153897464051,33.6506374481666,13.4026908645987,31.2433067177963,43.8546569004551,32.1649311626071,49.0298955982734,41.1025252511264,16.3233039797618,64.0644279901044,25.4250078213053,31.112699849327,56.1498432917848,23.9717912852537,18.3419820789873,25.569872469039,41.8993976024328,28.346403115866,43.4173062822405,38.1000242353937,39.2588058494649,51.4433232537602,17.903849856489,44.6192823164989,47.2776343469593,50.6334731280827,22.9330709677853,54.925556126527,38.3902637563934,34.790316115548,24.5079678749603,31.503872865314,70.1340652787501,13.0733389147172,39.3416132866623,37.0333693278045,31.7113831397376,21.0817849913172,20.610262858608
"7",23.8179612779142,50.6719960038346,42.5134486026695,78.1224293483484,36.135532691007,24.7688442556483,0,48.4645777241054,42.6506299425657,111.300311858596,20.6089392609785,35.9827129103949,42.1152362271907,58.2311989212247,39.3690303204956,38.7379913322645,17.9079841627897,64.5020289134273,37.2266599562889,67.7035133296497,79.8981072271386,38.6786416656534,43.4906021376979,50.9089475723326,56.8711851352471,68.506573283576,70.7734992838678,14.6260619751887,32.0440491329436,27.1804060860572,53.4912955280127,57.764314059227,14.232744959402,51.4468689271214,74.0519065559676,41.7926727675997,58.6332167040222,37.317531348781,69.5242793390574,32.5553027210992,23.8475282103046,74.1909764210342,52.3604700235353,47.4918111735555,61.8136905205438,60.7679797317528,45.5509156557722,52.4214604808678,56.6622902357257,41.5209327298733,40.0707303556376,68.6661451113307,60.4466331377037,104.079693089143,43.18700621441,34.5569830146456,38.7947237186372,74.292965922468,26.5216865864717,29.2901908296958,60.9956970468823,55.7729411712295,70.6222623431923,56.3477001568744,18.5840483324461,108.239747405661,18.7038437636445,33.0061510674783,85.6768922513587,14.6295173219798,48.7585842888837,75.0042814177257,30.9607124809453,88.660950854481,34.4648439993195,54.5122594908184,24.9060682492005,40.2562747436901,29.499210784289,70.4585886109919,19.2385925192131,26.5043950672833,42.2570568222191,65.8442472343924,101.417828505605,35.6603694094783,71.0982890135004,101.168141669727,24.891190325844,42.9558587020414,26.160213081708,46.6687843338633,63.7671053019117,51.445090730421,68.6756295824777,47.1495816993581,26.8651168523058,83.3392520019229,39.3677362838411,31.8723330416236,76.2182881567526,34.134291051223,24.4995817058839,33.2777340610351,46.2593422788378,37.6373612972214,34.2732497951483,56.382127427408,57.4814817848239,71.5092896300276,36.9943734787825,36.452338064008,66.5131868317154,69.850465799481,24.3579177921496,73.6760023051831,57.2007621406207,53.7033276553766,28.3411180326628,49.6679417258827,89.7820186380905,17.3380863003261,35.5351674397733,53.8020591282056,47.2925690058788,22.3491639647589,36.8289308063644
"8",42.1470903584819,32.4656349956121,32.6379176013472,36.0654418933021,19.9996662388605,29.3510815110194,48.4645777241054,0,13.1011753648669,67.4656740493639,33.9860392036802,34.6794999591723,33.1645849329469,22.960960602867,17.4556542716016,26.2200200280846,37.3613826372367,34.7933672134218,35.4542615440499,34.2989949624007,46.2320532788105,37.8521130326748,27.5780988603244,22.1751124950134,33.1276696722528,30.6628586773415,31.0531130652056,39.2484365006126,33.6196611057604,25.4981488032343,23.221017084017,32.0567218517863,37.1801979669482,12.7383941719369,45.0663174229012,14.659300352348,24.5142390398336,33.157170380003,36.4807121474691,37.8568139749971,32.2251756596558,49.9762329037432,17.1677097779871,11.7983100425337,83.717058621337,36.8761149131795,29.9437867695818,16.1663035249218,36.0534754172701,32.8658595042118,32.8510404780721,34.5081770427498,16.9255318791349,65.4084830130744,33.1460424792131,30.4131954285007,25.6332171866627,45.7380518933223,26.181420314014,21.3268883080617,43.878400774074,25.8841637769108,28.1009115749006,21.3341717577559,36.215629926846,69.4869617686661,43.1970981909994,27.0731024869828,45.4505037516387,35.5737927743472,26.2447152501724,42.6905729682262,20.6094082125995,43.0719349219871,22.2288251432408,39.9088808880881,29.474594096918,27.1173609614067,27.5022948153887,36.1398820075882,47.2484432324798,23.60457016818,18.2505625195308,21.1654105969246,71.2498201206927,32.5690915469183,55.0168575819423,61.7120303395991,31.3719765190265,33.8615250914072,28.0537405630788,17.914503740935,33.6739453344658,11.7988570413378,26.4480036551271,28.9719333801194,25.688827380788,42.4377253205047,17.1548615954787,30.8008567488353,40.8202257030946,18.0245973677225,26.7688667077968,29.2138372881789,30.9992549892535,20.1077477703986,35.8239812265592,22.1421150533319,38.3185840491468,36.7083727185155,17.3521219557375,36.7691435850563,29.9253671156881,23.8696000210428,42.6022593211291,33.1228322446344,18.58999866521,28.7508746369093,29.0792027148417,15.4371290753759,49.4904380542624,37.1585913306502,30.6022719761293,37.5785143058885,25.656271121332,33.1505017255749,17.2967860147532
"9",36.8594252344738,31.4307758930746,29.6814924850196,39.2995742553135,22.881361409877,25.7856092276023,42.6506299425657,13.1011753648669,0,73.1589731176071,27.9138110750788,30.3847239106952,32.2652321767983,24.3306317187955,18.6042511333175,25.341978130108,32.3818969099234,39.0109231403535,30.9708989715939,33.7112716649018,46.8100539881316,32.7853933156336,20.9783316238938,27.4207969889624,34.0513627621332,31.7871246988911,35.7364754761895,33.2970711135342,32.6058388552154,20.7440010030693,16.781338779806,36.7109084840978,31.7833143967766,16.1151696170209,48.6397206735395,14.8269756011523,24.9891248786537,30.2079679231766,38.8925358695019,32.4838116237709,25.7911875917614,53.9618348516958,21.5988800238384,9.86935045037653,85.4565022757328,41.4812687007992,27.7487884039557,17.882254463182,40.9390304997825,31.5572839643617,31.1659108141467,34.3017672691835,22.2189981146252,71.1420200333645,31.1436295951954,26.0186438077635,27.0974712990574,46.5026508329296,21.337495709115,23.4668793875432,45.6193905873014,28.1260715573557,32.5730387531001,19.0955285983705,30.6386670470249,75.2086055717367,37.5210110865071,22.5495424186412,50.9671515625624,30.8279398698844,29.3795691329184,42.2344188598319,18.9999063840807,48.7818798055763,19.963081453456,39.5205137278135,22.7468364652044,21.9932579412239,30.0306164573737,38.0994067067241,41.3812947063971,21.2639392299849,18.8299351816042,25.3674843176784,75.1905244769684,31.0219357331934,55.5109077437014,66.5309330791761,25.1665284896869,30.0899369155059,24.5642315440573,17.3453329748835,36.9836458644154,17.8433632687712,32.4936963696643,22.5425205519609,24.3846499882971,45.1899502644622,14.9172672058736,25.4964646533151,45.3209843361038,18.1915326518546,23.397255251421,27.7188659240026,24.07252821746,19.6124378137592,30.5681593357506,21.7750829989006,40.8824695302018,42.1728364116545,18.1137973921434,31.6850225499521,28.7555993436731,28.1343996233932,36.8611443989967,34.0459880798307,20.9165957951223,31.7188971665247,24.6424929449575,16.1985652338298,54.3783363276212,36.6675297164455,24.5365079971328,41.4022576266517,24.8032675617441,27.2616713526023,20.8124318406139
"10",104.977428416253,61.8062112478156,84.7902963234929,51.0878160685553,75.7783348447602,91.6705400040401,111.300311858596,67.4656740493639,73.1589731176071,0,95.7765893898058,96.3039033684463,71.3168985640792,57.7032363989437,80.1413196554533,87.6208037938406,99.88914803512,56.7109567969907,88.0553591085191,44.5982202316032,55.3450688938983,84.66311642465,80.8229366293626,70.7488445995396,57.0464131890864,45.95545450049,42.3545962727579,102.119272468303,95.0201997563739,87.7972650332133,61.3637913096384,57.3423846469746,100.07674548218,64.4230892542668,54.4919342626717,77.3456566616868,56.7739696281553,77.7062302924863,53.4094176754036,99.195825104753,94.0855175038173,41.0800629968971,65.6927045970767,69.173832465519,142.639853137232,58.985092342873,71.4959499644499,62.4592600321714,60.9916863719619,73.4041083042072,80.4841395934392,43.3254008611492,56.6330351924135,18.3526760615827,69.5979254355987,91.843357040348,74.9559303169433,38.0627346007981,89.0011476788477,83.2581741581729,54.2610895676181,57.831882664945,49.7006634418599,63.4850801055773,98.893712052174,67.3116224922717,105.913814814629,89.8834705390595,50.7675751850594,97.9546099553415,65.7292906002807,48.1169257419197,83.1733859108804,33.4407739139365,80.9244066646417,64.868734216743,88.9167432334194,87.6975295612777,86.1205290027986,46.9952111702716,110.230992244884,86.0844209178135,78.5179173263924,57.51791208262,64.3887481318767,94.0187901623824,70.4157035250771,68.1088727013743,92.9429353640944,81.1186851864064,90.9376871353174,69.6924538606059,53.1549522939011,63.5834010444463,55.3129169657589,77.7258207899406,88.6417838528173,43.6307814164438,80.1558598772681,92.756549461551,53.4507686535629,80.8159966238002,88.1478148482132,81.5451480059028,74.4592108370909,83.0744087751055,95.9779001917203,62.2259793020359,60.6170020343017,59.0403237346311,75.5054280770475,96.7753860908953,47.9143221730096,55.3341802117565,105.182705856466,48.2072409744393,59.9534221531704,60.4648968061772,86.6863868771587,68.8616156486713,45.6379217277718,98.8735365351049,93.2929309832243,63.2265015506751,74.1344898576682,95.8934726475556,77.9997989996734
"11",27.3485507876305,43.1531707794756,44.7880555565022,62.4127832401277,23.1605822974434,23.988606809596,20.6089392609785,33.9860392036802,27.9138110750788,95.7765893898058,0,45.4501659230294,38.0123147610331,42.4183494123614,27.5577618074779,35.7282141345521,22.2636062278557,48.0888379026527,41.5077338192327,54.3409692175162,64.1319582072929,41.7377445615258,33.3761908329646,37.1193848581224,42.1617571126159,55.1438007311283,56.2734370933287,13.1306683246823,30.3740943925427,21.0434599971321,37.577315223932,41.3287095711757,18.9709041871495,36.4043542902782,57.3842921393534,31.1059419124138,43.1006146544283,40.2525805717283,53.4023235135221,44.1923644082578,17.5789764060787,58.0522015895901,38.0899745010295,32.1471599645306,80.9152198874706,43.8579839998651,41.5395587769735,37.2604111991936,42.8000045759589,42.4372641361369,41.6769323133588,55.0082081582407,45.2590542547839,87.8918700137963,38.3539742421517,37.8333735341036,22.2129814920244,59.4432434092809,14.3935025035208,24.2199040820143,47.4655057485447,44.9435395715468,55.273605134826,40.2747379117604,23.6675539112418,91.8899218682564,24.9571458775612,34.322481696491,69.6828531091465,20.434635442551,32.0309867978786,59.0042215362905,26.1067314588286,73.6106903297125,17.1408304232019,39.6978103088549,19.6923402907143,38.5779515778777,27.2260807620017,54.5925526146371,26.1962329191306,15.8756045038924,32.4055546909477,50.8213600789516,84.7038418276632,40.6354956183401,54.43513990268,85.0472482835171,18.1364962579043,43.27813824464,23.9206747906515,30.8281883192199,47.5936623063464,36.5481039381066,52.9853525704412,33.0188613038252,26.5122492540255,67.5943674874622,30.7853599166357,15.2113427780594,60.0719075755552,18.9640356521352,17.2850863206229,25.6834674883515,27.3596201013359,29.5531196727383,41.5375605802889,41.429081712567,40.8258641446187,55.3261208254661,23.0136729359654,43.5872152266142,51.3026737622666,54.4587985152021,32.3522247943712,58.4749905489362,42.8837534574005,37.3938870074992,14.2825186491982,35.0939038275312,73.8565407411402,30.2518400784646,36.8615961302608,38.3204549711136,34.1078555556596,19.8795696091316,25.6150486388983
"12",32.9870827923704,51.7015794411103,26.173645801698,65.8098587893907,47.338458433161,41.3645801522999,35.9827129103949,34.6794999591723,30.3847239106952,96.3039033684463,45.4501659230294,0,55.4148978896869,53.490005028066,22.5379700905709,39.8319606990443,35.6342857835128,68.817548143601,30.1160164854391,57.1686875969432,75.368895310636,37.1344665645631,32.8779648577079,28.1230584530064,55.604279090992,52.9273654760119,61.8190563666223,33.6434281286146,41.9375366763959,41.3008760308764,43.1141927089509,65.869658103693,33.3343724378804,41.5779606298469,78.6155499232349,22.2798690324893,54.5749115656011,46.06799260589,68.6098638647025,23.0728416371244,36.6779918471065,82.6532208630342,35.2241535529262,32.9612335999955,69.8835786025479,70.426007647606,31.6025315760474,39.4189345779602,69.4769755979645,51.6442183270958,29.1867912343267,59.1384305336089,44.5109293861355,97.9117854570503,50.7558471227568,15.3777044213722,56.9541757779788,73.8608097351092,40.4499293113974,38.4495751830028,73.4864564032728,44.8294676502813,53.1457428260887,37.6581743430211,34.5561666111847,101.737221218158,33.0542953264228,21.1059468226749,78.5474161228272,36.2433001025927,58.5592320266869,70.6899022339615,40.2387286092878,70.5013587581134,49.3726391106427,65.5965022047025,38.8698054168447,24.2091605897442,43.262725682526,66.9991011772519,31.7267872235838,38.0256988860373,21.1298801262371,43.5041322692595,103.932648961214,18.2804900831761,84.1206140278614,93.5014706646978,37.1174278098826,29.3620502161372,39.1301602045997,35.9059292170969,66.6498569897634,38.8119928303442,59.8849498277724,33.9404598995741,33.26401934977,71.02453188594,18.7238672482843,41.5317174196292,74.0961111822483,40.1567033984397,38.3695017850252,48.5484187368898,50.1358422670427,17.9440847955098,17.8678732782833,38.6886052207448,70.7629631802346,70.2972692082971,41.6251178416584,21.769701868569,54.4812711522672,47.1443896029446,32.961713101492,55.9806109642436,43.698133076325,61.8113400459784,52.314479370874,30.1048302422669,81.168409783255,36.5503626280389,23.3384718165451,68.7443830457427,27.5138253324211,36.5312600917036,48.5072822896683
"13",37.3009980072046,13.0834222915827,45.0444647133913,51.2147128736389,28.4036914998956,30.6921775579132,42.1152362271907,33.1645849329469,32.2652321767983,71.3168985640792,38.0123147610331,55.4148978896869,0,41.579549668745,38.9692661392083,41.464923378571,30.7364039631012,48.030554120335,45.1607757806261,28.3553408229585,58.6753900492568,41.7477429302417,40.7311381916199,35.8299234926187,42.2203448972352,29.3089481083745,31.7473936374102,33.8916599331776,36.4447475025419,28.1984664071239,34.5110774633711,39.720401347106,31.3433238476889,39.9538725637194,52.3192865404694,36.2057170521148,41.7815384018175,13.2743019736595,49.0411008778514,58.1423824860234,28.4549163966157,33.9731539005939,38.4242810486784,30.8830631130509,86.7827368675237,44.7736826626384,26.0620365038345,32.7386854375509,40.6362930622573,11.1376755344995,35.0749016508465,29.1580338334341,38.1366186609597,63.5472352721876,13.0647212071778,51.4615468946774,38.133260128339,34.6296682665163,31.7346520866991,28.2441876106604,21.6020238508787,18.4533218066944,42.1152853054691,34.4485974018329,30.4807485887209,76.1884491411719,35.8538802726135,47.518226810731,53.7102060400397,30.0657971682277,38.9321907230384,49.3248741279376,32.512404294701,49.6272567015778,35.8526446140632,53.6404932507,26.8728639564232,46.9668027733957,34.0216378012279,43.426294864344,40.4823030246097,34.056337545958,38.2629331128334,44.0401075887402,71.9236355139098,52.4588989999345,67.4468343525019,72.7695558721158,26.6541197742365,40.0437652969716,31.5201610665255,35.2635512854429,42.3347607887981,33.6459495417371,48.6353611829329,38.4135444980427,28.340218974823,52.6492641702813,37.9396344061491,30.1713981905353,50.6757182270474,34.5953697274846,27.0241922242653,39.9507112587083,42.1514970202663,41.4417839661376,56.1675079725497,37.6040301318006,47.2731047014724,54.1749966592563,30.9603696528653,57.2150977016128,37.201906003985,45.5227921827666,35.6358373745081,47.5000967662051,40.3120281731674,40.6817638467664,38.5804232319268,32.8034422548684,56.8574446905547,31.5768937274444,50.4201184957646,43.464066980829,39.2135464678324,27.9988594317599,35.5292041942235
"14",51.7834110507083,42.8804241222489,49.07544907229,21.7128545722908,27.4784533381995,38.8126107505037,58.2311989212247,22.960960602867,24.3306317187955,57.7032363989437,42.4183494123614,53.490005028066,41.579549668745,0,32.5798311725446,37.4374559767413,47.3088669156216,19.0138884141993,48.8647670827571,42.689248224248,31.1729360990321,50.3317906727464,38.5222193868253,28.1413814763607,27.5786956134406,40.8053837138621,35.96344165208,48.6590685337026,42.0011727354493,34.8038493291726,25.8515782982239,16.5326256027812,46.9602501446494,17.8998987565208,28.2374651529206,32.6135897889075,9.74506921430797,43.8519046482905,17.3146847683952,55.3329272559771,42.0347133837831,43.1093745161049,23.2982031171968,21.8309915619402,93.6536995664706,19.3339593640866,41.8943539956309,15.6457032622367,30.3189578267969,44.3422602032429,45.5924765145955,40.2357599035891,14.6582651237443,52.0259369371509,42.0927268368603,48.1198749005493,26.921840071175,40.4664706833708,35.6755340675242,30.8272795137332,44.5094123833733,38.2205167200026,20.1800260094187,25.1667792715218,45.7459665988773,54.4361768017655,52.7495261228933,44.9078966079554,31.9396624159962,45.2620072029626,21.026276067137,26.9902002684557,30.8688159424067,40.1683903933673,28.328087905103,28.8514668899023,38.009455204048,45.011098928523,34.4403620939168,19.4450131223178,57.135570387236,33.0294073454541,34.5476178628743,22.8292817601963,52.8392427636077,49.4513112280762,34.7233680783469,45.2944530449264,40.5745609655953,47.3923093011922,38.3305610917127,21.2892423335576,20.2881313175546,18.610429113333,19.1904661081763,36.085321112403,36.3468485200549,29.4181988392707,35.2399157146709,39.7377417061354,22.8103692401031,27.2236623466634,36.103456965904,33.3313692772293,32.8261970858577,37.4233007566198,52.7094332735492,22.4219748535254,24.6166193972438,21.0813212401008,23.6758624063296,54.2348494091964,18.0005200888287,16.072071175628,53.1378172078116,24.2226311318543,25.4685739303287,18.1991233851294,35.7458605210128,27.2258863885531,35.143037464214,46.2758523212622,47.5574772626163,29.1100635492298,32.8431555475862,42.7597624378622,24.9296366491212
"15",33.6489784835283,37.0655897793123,31.595773203095,47.2562412415472,28.442454934396,26.7496452279139,39.3690303204956,17.4556542716016,18.6042511333175,80.1413196554533,27.5577618074779,22.5379700905709,38.9692661392083,32.5798311725446,0,31.9908784377756,32.6728992025339,47.7984865659656,34.3868659412685,41.3089495153892,55.5566840854043,43.7994574347142,34.7154977792424,16.0323003526337,37.8378524544861,37.3270650302699,42.9399531753498,30.1528019097803,26.3236784233955,23.7898205031787,30.5588959577098,45.4027972026946,27.887889462799,22.9902490603017,57.8453178212482,19.6925663798101,32.8396879670336,36.2126259767656,47.3492165295469,31.4667926255308,33.4777688953212,63.1532036256102,19.4078316428366,13.8701996769904,77.6624479607618,50.4160283167373,29.9792552808909,20.5169480180124,50.3101882125236,37.5735725623543,32.9449451612016,42.5665611950478,26.3973925736311,79.3365075546982,37.4316343123712,16.2533019791237,37.4941931237651,56.2074411092114,21.5918259382147,23.0379703423175,55.2550426760782,28.5068745051789,35.6658867588603,26.5975336304286,27.972039172752,84.0150074663847,33.8520499359766,27.7655889667034,59.5091234506967,30.4342654868566,37.593513314188,52.0959976904311,24.616548592525,54.6254664282552,27.9228616916269,44.3811430958062,27.4613505070298,21.2631252538321,26.1041381931103,47.6812108221591,37.7856995340236,20.0765258838612,14.3169527595882,29.3170536021192,83.7799564102687,18.9675229280847,61.7664246984864,73.8244980681234,26.4723546445679,33.849364369191,22.4430428308276,17.1444756333771,46.4105172508001,20.1812451163257,40.8712545678384,28.0854475747685,20.3186212745691,53.3132632140203,15.4453191150806,24.7796341319584,54.1458711680069,18.660389818951,23.0461507325673,29.8484012565793,31.874077909356,12.817613924587,22.4441968139522,23.834194607065,49.9977658483516,50.5056263191493,25.3073653343192,26.4595465024707,37.6730043704184,32.5774862189363,38.1363700859263,39.9640665912276,27.2850885566332,40.7778554163594,33.5931274895473,24.5326298488661,62.6730023679958,30.6995870182515,22.0831155918412,47.9544576151114,24.2789395163082,24.9944300305882,31.1520682322613
"16",30.9412257752971,38.1632694308882,40.3333058361068,54.9812292382622,33.2962897585277,31.3667689963009,38.7379913322645,26.2200200280846,25.341978130108,87.6208037938406,35.7282141345521,39.8319606990443,41.464923378571,37.4374559767413,31.9908784377756,0,35.6860650708009,44.1441388952183,43.451941163922,47.1763358540182,61.3218451452506,49.1919884091905,34.9056430508118,35.362171070537,41.8843909574797,47.9052059183011,49.1284754132447,28.1826953569893,27.5854758165714,16.9330069525579,36.2891339212233,38.040087483288,30.1322905928488,27.6219582681481,54.9957971529572,27.3731492044863,40.0847676940904,42.3145345996082,50.7873529683531,45.3997247496512,34.592010435192,54.0731218586987,27.8466734165935,29.4483031320386,92.0298900838098,37.850391380012,39.4324866477206,33.9857768588363,38.4499247410293,36.236308642089,41.557834723069,48.209065566724,39.3167774862037,80.1264760105912,39.954038325646,37.356890423256,36.1588335117887,54.1927099234009,23.3451250050169,33.6205059706468,48.1621874609741,40.1946605734473,47.7391977702259,36.2815433973503,28.1126234438052,83.6225874889341,26.9490813234476,37.8507113758301,62.0846451642391,36.8997220935713,33.4126881865487,54.4025000395084,26.5549529786702,64.7362724911569,30.1646624694556,51.0842872351258,27.8279018326437,31.5707652720102,38.9223141779489,48.2128048695908,28.6777037559806,36.4977698112004,27.6244514313104,41.5378178247498,81.7560015515833,36.898121135587,65.72183763216,79.5751704528203,26.9878692266353,41.0341638168749,21.5326226442893,25.8251899526809,43.8143724287251,31.8742813619499,43.9653776047264,25.0241499054726,26.958831142523,60.7699825795372,28.2851766275052,24.0183836352718,52.7658362694514,25.9085799781917,26.0681071149976,37.1811597480668,34.663385817275,34.841983123385,43.8659293579708,40.5909659545087,44.660666877792,46.3384532914163,26.8898391782548,43.6064514577455,44.4669506697068,46.2766168254282,36.0345868746478,51.9021084592839,33.8725642291082,38.4322943789099,39.0483310923023,29.9294195378446,66.5575655225779,43.9778080762131,36.7152758470163,42.5974070486765,35.3237067915771,21.4934104075049,18.2973295927347
"17",19.8158758987178,39.0519426617396,32.8862603720104,66.8928920354783,26.2136328003813,17.3285478821649,17.9079841627897,37.3613826372367,32.3818969099234,99.88914803512,22.2636062278557,35.6342857835128,30.7364039631012,47.3088669156216,32.6728992025339,35.6860650708009,0,53.2918587355226,36.176911954216,56.3984268180671,69.3131774196107,29.1954962104606,38.1774825593273,44.6213916614898,47.1186033907778,57.3493925093868,59.9635167860161,17.3748620269238,41.3777844383504,22.7459130442913,43.1750710145478,47.6678239737115,19.80518266102,40.0551309443467,62.6952293389209,31.069270822609,47.784946355874,26.7317824126683,58.4268507146639,37.3105623183411,22.0104563830798,62.4055497272135,43.1002284886925,36.7233963617772,65.9399479879084,49.3710065698547,34.9486728695532,41.844087331025,44.0547812784548,29.5526836373571,29.6898472992245,57.3181527780533,49.3100961828805,92.4399960465447,32.1248356804076,32.352997912839,28.0266564931943,62.5742470456698,21.6551528032621,19.8442169950095,49.2899626403291,45.2512207934924,59.6619118285931,46.0053984508067,16.1197723295038,96.2557808520953,19.6028077949752,27.8550697749268,74.11374603634,11.7329978017653,40.585731635865,63.9525495539275,21.648709062819,77.7734454887251,30.4747493482613,46.7146031764832,22.7768718649857,35.4303108854738,35.8978419655871,59.158161703352,22.134289843523,17.7973594008456,35.9524147109629,54.5354318590685,90.2121388197107,41.8149707333614,62.6240271485852,89.9359018773158,23.4929937470087,33.9451535525765,23.7286246373206,38.0750164016138,52.166727983356,40.3224641514206,57.082980599185,42.5189691213272,32.2372420661803,72.3298346520162,28.8785212493797,31.509651804293,64.5032786037431,28.1481830980455,19.9948398379597,37.5444631797827,42.5917859124323,27.9116388534941,36.5454011374166,45.860159988113,46.9194292298718,59.5778486487792,25.458685675756,38.449719125583,55.4206169517858,58.6433549534303,17.5115285905462,62.963194955072,45.5982793571309,42.5771291810486,22.1083948667629,38.8506683728121,78.5473571186455,15.5478978468126,35.0749424829371,43.6078087536274,41.8977411386133,21.256030950814,26.2732418884057
"18",58.113011456822,49.3669896157898,62.2583429631694,19.1992543213542,33.4384391177847,45.0195466635245,64.5020289134273,34.7933672134218,39.0109231403535,56.7109567969907,48.0888379026527,68.817548143601,48.030554120335,19.0138884141993,47.7984865659656,44.1441388952183,53.2918587355226,0,62.0362696137473,48.9253259786566,25.8448901161561,61.1421089034538,48.7092057163056,43.8704535426546,29.4821100429989,47.3864064563177,42.5267404971464,55.1901409181027,47.187856705298,40.9476168171306,31.4964918717245,17.8378987085145,53.1099316733204,28.8088726558932,24.7466597285103,47.5281325704165,18.1256066907393,50.5224905568332,19.8402456595957,70.9743285234122,48.2856157342,47.5573192664694,35.509652013569,37.5136421050506,107.47737097716,18.8552177114624,50.7486929282619,30.8975181984368,25.7313282435397,50.847106771096,56.212371439853,46.8039463912657,28.4068201252783,49.3704846605847,48.4951398145228,63.6905851746866,30.3882746471095,47.3022326465802,41.5652985295791,39.1984570096327,50.275396616487,45.413478367997,21.6602997349823,35.9413214891993,52.1143087394347,45.5051589481254,58.926408483351,60.0840445291775,28.58855271966,51.5821138646447,20.6537751329422,29.8748824450234,38.3309089892441,44.6448814159447,32.8570067839708,29.2492553182791,44.5350225039804,59.8118897319816,42.1585320344555,21.4369152390802,63.3459001934389,41.6957350936178,49.4370800580116,33.2486105529498,42.317930976206,65.015073151865,29.2103989591044,37.7696500638161,46.9379824644967,59.2180099839816,44.3447476609897,33.7700557857189,23.7556368439203,31.6764056735,19.6078342187422,45.4456510476294,44.0930502769181,25.8039734710777,50.3247670967015,45.2893677636814,19.8841429679764,35.0862477698266,42.2728837490476,38.8077126684854,27.5801872703012,52.8772634944118,68.559580301012,35.9560384538348,25.747069796375,16.7654081397892,31.7240453944742,69.8426373731765,26.2217086161263,28.1007794302269,59.8313329253125,20.6163665173219,27.4055407144056,20.6003142507687,40.7321981698885,40.7406332996785,27.3498538010048,53.4286716086234,62.9930913136367,29.7471261017482,46.6247795926637,48.7351770891375,30.9835990534622
