Ave,Ant,Ast,Bay,Bre,Bum,Civ,Cyb
0.00,0.51,0.88,1.15,2.20,2.25,2.30,3.01
0.51,0.00,0.77,1.55,1.82,2.99,1.90,2.41
0.88,0.77,0.00,1.94,1.16,1.84,1.81,2.38
1.15,1.55,1.94,0.00,0.97,0.87,1.22,2.46
2.20,1.82,1.16,0.97,0.00,0.75,0.83,1.87
2.25,2.99,1.84,0.87,0.75,0.00,1.68,3.43
2.30,1.90,1.81,1.22,0.83,1.68,0.00,0.61
3.01,2.41,2.38,2.46,1.87,3.43,0.61,0.00