"","V1","V2","V3","V4","V5","V6","V7","V8","V9","V10","V11","V12","V13","V14","V15","V16","V17","V18","V19","V20","V21","V22","V23","V24","V25","V26","V27","V28","V29","V30","V31","V32","V33","V34","V35","V36","V37","V38","V39","V40","V41","V42","V43","V44","V45","V46","V47","V48","V49","V50","V51","V52","V53","V54","V55","V56","V57","V58","V59","V60","V61","V62","V63","V64","V65","V66","V67","V68","V69","V70","V71","V72","V73","V74","V75","V76"
"1",0,53.5630469633683,40.5462698654266,51.3322510708424,48.9489530020817,47.4552420708187,41.424630354416,50.4479930225178,48.3528696149463,45.5741154604234,41.4487635521254,61.367743970265,55.3805019840016,36.1386219991853,55.3353413290277,72.145685941711,39.2173431022552,38.5227205685164,53.0471488394994,39.446165846632,54.8634668973808,50.3984126734166,53.2353266168247,44.5308881564246,51.7687164221791,29.7993288515027,57.7234787586472,53.9073278877742,55.3263047744922,66.8505796534331,49.5176736125598,56.6480361530742,50.4281667324919,54.9454274712646,40.9145450909576,48.6621002423858,66.475559418481,41.0487515035476,58.3780780773057,57.2363520850167,43.5086198356142,41.182520563948,56.8770604022395,64.8459713474939,42.166337284616,34.7419055320804,62.3056979737809,33.9411254969543,68.47627326308,34.8137903710584,56.4092191046818,53.6003731330296,63.4665266104897,44.698993277254,52.8772162656091,35.4118624192515,41.5090351610345,41.2189276910499,44.6430285710994,46.6690475583121,55.0181788139157,50.6853035898967,50.9411425078001,81.6026960338934,65.719099202591,52.8015151297763,48.8364617882991,44.8998886412873,35.5949434611154,40.8166632639171,45.9782557302906,37.296112397943,39.2045915678253,52.9150262212918,67.3869423553258,39.5474398665704
"2",53.5630469633683,0,40.1621712560464,39.6232255123179,33.0605505096331,60.4814021001498,51.3030213535226,62.7933117457584,51.662365412358,42.3792402008342,45.7711699653832,46.4650406219558,87.0287308881383,66.2419806467168,62.9364759102383,57.6367938039582,59.8832196863195,32.8785644455472,46.4435140789325,35.7631094844953,70.6611633077181,42.7200187265877,41.6052881254294,45.7602447545902,61.5873363606513,46.6797600679352,64.7842573469821,47.5289385532646,42.0951303596984,64.7147587494538,47.0425339453563,50.3388517946129,54.3323108288245,36.8781778291715,76.5898165554664,62.5539766921337,44.7437146423942,37.4966665185054,46.9574275274956,64.4127316607517,37.7888872553824,59.2452529743945,48.7031826475437,48.6209831245729,61.4084684713762,46.6690475583121,56.859475903318,48.425200051213,41.0609303352956,63.7730350540101,62.9841249839989,48.2078831727758,49.5075751779463,67.7790528113222,45.3762052181537,42.0594816896262,66.0757141467272,51.4587213210744,53.1789432012333,46.2060602085917,51.7880295048962,65,18,71.386273190299,50.2593274925162,47.1062628532555,70.4414650614253,46.1627555503352,45.2106182218293,46.7653718043597,42.6731765867037,49.9399639567351,67.1490878567982,43.3012701892219,56.4623768539724,54.6351535185909
"3",40.5462698654266,40.1621712560464,0,37.4833296279826,25.6515106767613,54.8361194834208,50.3487835006964,52.0192272145598,38.8587184554509,38.7169213652119,19.4422220952236,35.0428309358705,71,58.4037670017954,59.7662111899357,48.4458460551573,57.2974694031072,32.4037034920393,38.4707681233427,38,61.2698947281616,38.4447655734822,34.5253530032641,19.5192212959431,45.5192267069642,29.7657521322744,39.496835316263,44.6318272088428,50.3289181286465,49.6890329952194,22,24.9599679486974,63.3482438588474,40.1621712560464,66.1135387042624,33.8230690505755,58.949130612758,26.0959767013998,38.314488121336,33.734255586866,21.1896201004171,55.5067563455117,35.3977400408557,36.592348927064,56.7274184147313,39.6610640301039,49.6789693934969,28.3196045170126,43.7035467668243,38.5746030439718,41.9523539268061,35.3694783676548,47.8748368143433,59.455865984779,28,32.5883414736007,58.4037670017954,23.3023603954621,32.6036807738022,38.262252939418,46.2493243193887,58.7707410196605,38.9486841883009,65.612498809297,45.066617356975,35.2703841770968,62.1691241694782,24.1660919471891,30.6104557300279,34.8137903710584,46.4327470649756,31.984371183439,60.9754048777046,44.0227214061103,40.5092582010582,54.6260011349907
"4",51.3322510708424,39.6232255123179,37.4833296279826,0,32.4191301548947,54.0740233383831,49.9199358973947,43.1161222746202,43.6233882223745,34.7275107083707,37.2155881318568,38.9743505398102,73.2666363360568,51.1272921246569,63.5531273817426,47.6445169982864,57.8619045659577,31.7332633052449,35.5949434611154,28.6530975637888,67.6387462923434,39.8371685740842,27.9463772249642,40.7921561087423,54.6900356555013,37.0270171631472,42.6497362242722,40.2864741569674,49.6990945591567,53.7959106252511,39.8622628559895,45.1442133611828,49.7393204617835,37.0675059857013,69.5557330491168,49.7091540865463,58.5662018573853,40.5462698654266,49.3254498205541,51.6236379965612,35.6931365951495,49.8598034492716,41.6653333119993,37.2290209379726,52.182372502599,45.8039299623951,50.3884907493765,42.3674403286297,42.7668095606862,45.2658811910251,55.8121850495033,42.8952211790544,47.8225888048734,62.080592780675,44.0794736810684,33.2114438108312,58.0689245638319,43.5201102939779,45.4752680036083,35.0856095856977,57.4108003776293,55.4346462061408,36.2767142944341,64.8536814683638,57.9482527778017,38.7169213652119,62.8649345820068,35.3977400408557,36,33.7194306001747,45.2658811910251,46.6047207909242,55.5067563455117,46.4435140789325,46.5832587954085,50.0099990001999
"5",48.9489530020817,33.0605505096331,25.6515106767613,32.4191301548947,0,58.642987645583,53.4883164812653,51.7880295048962,40.9633982965281,28.4077454226836,29.563490998189,20.8806130178211,82.0670457613773,63.9765582068933,65.0691939399898,39.3319208785943,64.55230437405,28.6356421265527,27.6405499221705,32.5883414736007,72.9931503635786,30.0333148353624,27.7848879788996,30.1827765455731,54.6808924579693,35.665109000254,44.8553229840116,49.335585534176,36.1801050302511,54.6534536877588,23.9165214862028,33.2415402771893,64.4127316607517,28.0178514522438,75.1465235390168,45.4972526643093,47.169905660283,34.132096331752,38.0525951808809,43.3128156554154,28.5482048472404,63.1426955395476,26.7020598456374,25.2784493195291,63.5924523823386,44.3508737230734,45.4972526643093,30.7896086366813,33.3016516106934,47.8957200593122,47.4130783645188,24.4744765010408,36.1662826400502,69.4190175672344,27.0554985169374,31.3687742827162,65.9014415623816,34.3365694267788,41.2674205639267,40.8411557133243,47.6340214552582,62.9285308902091,27.2213151776324,70,41.3158565202272,23.5796522451032,70.2780193232564,33.0454232837166,33.3316666249979,38.3405790253616,39.7743636027027,43.3935479074943,66.6183157997859,30,34.4528663539044,58.3609458456595
"6",47.4552420708187,60.4814021001498,54.8361194834208,54.0740233383831,58.642987645583,0,44.6318272088428,37.6164857476081,57.8532626564829,66.3777071011044,50.3090449124211,65.352888229978,52.0096144957834,54.018515344278,24.0416305603426,71.6658914686757,33.9705755029261,53.1507290636732,65.5972560401729,60.0915967502945,40.7185461430047,48.5489443757534,59.388551085205,66.4680374315355,41.5090351610345,41.3642357598929,54.6351535185909,43.6692111217961,73.4438561079142,71.0352025407122,62.4099351065197,65.7571288910944,55.8838080305915,59.4306318324145,43.6348484585429,51.3906606301184,67.8969807870718,54.0555270069583,61.7494939250517,61.6035713250458,53.5163526410386,49.335585534176,54.2402064892825,61.1882341631134,44.698993277254,35.6370593624109,70.0499821556009,45.8584779511924,79.3914353063352,56.6392090340252,44.6430285710994,67.3052746818554,74.2765104188397,29.3938769133981,68.1542368455549,56.5597029695171,35.4541958024717,47.6235235991626,40.8900966005217,62.5059997120276,64.249513616836,49.9499749749687,58.1377674149945,90.3714556704715,85.1938964949955,56.276105053566,30.1164406927512,51.3517283058711,60.9590026165127,66.8804904288239,53.0754180388624,41.7851648315524,43.6463056855904,74.0067564483136,67.9264307909668,60.844062980705
"7",41.424630354416,51.3030213535226,50.3487835006964,49.9199358973947,53.4883164812653,44.6318272088428,0,58.8812364000621,62.4259561400544,57.4804314527997,48.91829923454,66.5056388586712,52.924474489597,36.6060104354463,55.281099844341,65.924198895398,31.4960314960472,49.1426495012225,53.2634959423431,50.4678115237822,55.6776436283002,52.2781024904309,49.4671608241265,60.6959636219741,64.6297145282261,48.5077313425396,52.5832673005396,39.3827373350304,70,53.1413210223457,63.2376470150495,68.07348970047,33.7786915081091,52.1344415909483,48.5180378828328,50.5470078244004,77.614431647729,54.3507129668048,57.9223618302983,69,55.659680200303,31.1769145362398,65.5591336123351,64.7919748117003,30.6267856622271,41.1339276024063,54.4334456010273,48.4458460551573,77.0713954719908,55.4977477020464,63.3798075099633,65.4369925959315,61.6198020120156,47.116875957559,63.3324561342761,49.8096376216491,39.2810386828047,51.4587213210744,43.0116263352131,39.0256326021757,71.8888030224457,38.7685439499603,55.2630075185924,89.0280854562199,81.9512049941915,63.8357266740185,56.8418859644893,59.6238207430554,44.8776113446337,55.9553393341511,63.2534584034739,37.1483512420134,34.7131099154196,66.3249575951617,62.2735899077611,35.665109000254
"8",50.4479930225178,62.7933117457584,52.0192272145598,43.1161222746202,51.7880295048962,37.6164857476081,58.8812364000621,0,46.0868744872117,57.0526073023836,46.6047207909242,55.4797260267208,62.1932472218649,55.8300994088314,43.4626276242015,70.1925922017416,53.9351462406472,50.1796771611775,60.8604962188118,50.7148893324239,54.5435605731786,50.3388517946129,57.4282160614449,58.2494635168428,37.5499667110372,33.555923471125,54.571054598569,51.2249938994628,67.3572564761956,72.0485947121802,51.4198405287298,56.7538544946508,61.7251974480439,62.0403094769844,59.6070465633049,55.3895296965049,64.7379332385581,54.9636243346452,67.1118469422501,54.9363267792815,43,55.0181788139157,45.0222167379617,50.8428952755446,57.5586657246326,47.927027865287,74.2159012611179,41.4728827066554,66.6858305789168,48.2389883807693,49.4772675074119,57.2450871254468,74.6190324247105,49.9299509312797,63.6238948823475,51.8073353879545,53.6097006147208,49.7292670366254,51.254268114958,59.7662111899357,66.2193325245732,67.1863081289633,55.1815186452856,77.6208734813001,76.6355009117837,43.5201102939779,45.5192267069642,44.9221548904324,56.2938717801503,56.2672195865408,49.0102030193714,56.098128311023,54.8999089252432,66.932802122726,67.2235077930332,63.2692658405327
"9",48.3528696149463,51.662365412358,38.8587184554509,43.6233882223745,40.9633982965281,57.8532626564829,62.4259561400544,46.0868744872117,0,44.8441746495573,46.2385120867876,39.2173431022552,68.8403951179829,60.8687111741328,58.0172388174411,71.4072825417688,63.4271235355979,30.9192496674806,59.6322060635023,36.9864840178139,56.3560112144215,52.0192272145598,52.4022900262956,44.5982062419555,38.6522961801754,37.9209704517171,54.516052681756,65.8179306876173,53.507008886687,79.227520471109,39.8748040747538,36.428011200174,69.778220097678,55.3985559378582,62.2494979899437,62.1610810716802,59.4894948709434,43,67.4091981854109,38.3927076409049,34.7994252826106,65.8255269633294,36.5650105975644,46.5510472492295,69.0072459963445,46.5725240887801,74.6993975879324,46.1519230368573,58.5491246732178,41.7133072292284,52.6497863243527,32.9393381840012,65.9696900098826,61.2780547994141,49.8397431775084,45.6508488420533,56.9824534396335,46.593991028887,56.7538544946508,59.2114853723498,52.5452186216786,69.0217357069496,46.2925479964108,63.2455532033676,57.3323643328967,39.496835316263,56.9824534396335,36.9052841744919,47.3603209448585,39.9249295553543,37.5765884561119,51.7976833458795,69.3974062915899,51.0098029794274,61.7494939250517,61.8223260642949
"10",45.5741154604234,42.3792402008342,38.7169213652119,34.7275107083707,28.4077454226836,66.3777071011044,57.4804314527997,57.0526073023836,44.8441746495573,0,42.9301758673314,34.5687720348872,85.2642949891688,56.674509261219,74.9466476902069,47.5604878023765,65.7571288910944,25.6709953059869,27.1477439209965,22.2036033111745,81.8596359630313,33.570820663189,29.6816441593117,36.1109401705356,66.2193325245732,40.2119385257662,53.113086899558,60.1581249707801,25.1396101799531,65.3605385534728,35.3977400408557,47.6864760702655,61.3025284959764,29.3938769133981,71.8470597867442,54.5068802996466,49.6789693934969,41.545156155682,47.2969343615419,54.4334456010273,41.1339276024063,62.2735899077611,41.3037528561268,43.7492857084547,61.0491605183888,48.1663783151692,44.6878059430087,36.3455636907725,40,47.3603209448585,63.2534584034739,29.698484809835,32.5729949498047,73.3348484691964,34.828149534536,21.7025344142107,64.296189622714,43.5660418215839,52.1919534027996,41.9165838302694,48.7852436706019,57.4369219230975,35.4118624192515,75.2529069205968,43.9545219516718,35.1710107901379,72.8560224003479,37.8813938497516,30.4959013639538,28.6530975637888,37.5632799419859,49.8397431775084,61.2290780593665,18.411952639522,46.4542785973477,54.8543526076099
"11",41.4487635521254,45.7711699653832,19.4422220952236,37.2155881318568,29.563490998189,50.3090449124211,48.91829923454,46.6047207909242,46.2385120867876,42.9301758673314,0,40.4474968323134,67.5499814951862,55.145262715849,57.393379409127,47.8016736108685,55.6327241828045,39.0128184062623,37.4699879903904,41.6653333119993,60.9754048777046,37.7888872553824,36.1109401705356,24.9599679486974,45.9565011723042,24.4131112314674,38.6781592116274,40.8411557133243,54.4334456010273,46.6154480832267,23.5796522451032,31.6385840391128,60.6382717431821,41.7492514902962,65.8559033041078,28.2842712474619,59.0846849868898,28.0178514522438,34.6987031457949,34.7850542618522,25.7487863791675,51.3906606301184,39.5347948015416,39.2045915678253,52.1152568831815,35.9583091927304,48.2078831727758,23.1948270094864,47.4447046571058,40.024992192379,35.3836120259083,43.7607129740821,50.7346035758633,55.3082272360993,30.3973683071413,34.8137903710584,56.8242905807015,19.1049731745428,25.3574446662119,36,44.955533585978,55.9642743185329,41.5331193145904,69.6132171358284,49.2036584005702,37.2827037646145,57.9913786695919,25.6124969497314,30.2489669245083,38.3666521865018,48.2078831727758,30.6757233003559,57.28874234961,49.3558507170123,43.6463056855904,52.3067873224881
"12",61.367743970265,46.4650406219558,35.0428309358705,38.9743505398102,20.8806130178211,65.352888229978,66.5056388586712,55.4797260267208,39.2173431022552,34.5687720348872,40.4474968323134,0,89.4147638815872,75.1332150250473,70.2566722810012,40.0374824383352,75.6108457828637,36.2491379207837,37.3630833845388,41.9285105864733,79.3347338811948,34,33.9411254969543,39.585350825779,57.3236425918661,45.8475735453906,45.365184888855,61.0409698481274,42.485291572496,65.5972560401729,27.6043474836845,33.4813380855664,77.9679421300832,33.8673884437522,82.4075239283404,53.0471488394994,50.0899191454728,44.6430285710994,46.6690475583121,39.4208066888541,36.8374809127877,76.4395185751454,18.7882942280559,19.2093727122985,75.538069872085,53.2447180478965,53.3291665038935,40.5955662603689,36.4142829120662,54.4977063737549,49.4974746830583,20.4694894904587,40.3732584763727,77.8652682522831,33.466401061363,41.8568990729127,72.4223722339996,40.1123422402632,50.2891638427206,54.1664102558034,51.662365412358,70,39.6106046406767,72.8903285765677,45.6836951220017,22.9346898823594,75.3193202306022,35.7211421989835,45.9891291502677,46.9680742632695,43.611924974713,52.792044855262,77.8331548891602,36.2491379207837,32.8481354113137,72.3049099301009
"13",55.3805019840016,87.0287308881383,71,73.2666363360568,82.0670457613773,52.0096144957834,52.924474489597,62.1932472218649,68.8403951179829,85.2642949891688,67.5499814951862,89.4147638815872,0,44.5308881564246,60.9836043539573,98.1121806912883,47.3814309619285,71.9791636517124,86.7236991830953,75.4387168501692,39.560080889705,82.4317899842045,80.2558409089332,78.9556837726075,59.8581656919087,60.0583050043872,64.5677938294317,68.4470598345904,98.9848473252346,81.4002456998749,81.8107572388864,80.3243425120928,65.3605385534728,86.5447860936752,35.6230262611138,65.6277380381192,104.345579685965,72.6636084983398,90.4820424172664,71.0563156939621,74.1889479639656,50.1697119784437,83.6420946653059,88.5663593019381,53.6749476012786,56.3737527578216,90.1054937281851,69.4478221400787,106.817601545813,54.4885309033011,68.5930025585701,85.1116913238128,96.8452373635379,38.742741255621,87.4013729869274,74.4647567645259,41.0121933088198,67.1863081289633,61.3025284959764,72.242646684628,87.692645073575,58.4636639289739,86.694867206773,95.7496736286866,105.830052442584,83.4086326467471,46.5617869072913,73.1778655059028,67.9264307909668,73.532305825399,80.9753048774748,54.1848687365763,48.7031826475437,94.9157521173382,89.9444272870754,58.1463670404265
"14",36.1386219991853,66.2419806467168,58.4037670017954,51.1272921246569,63.9765582068933,54.018515344278,36.6060104354463,55.8300994088314,60.8687111741328,56.674509261219,55.145262715849,75.1332150250473,44.5308881564246,0,66.1966766537415,79.1959594928933,39.4715087119811,51.6236379965612,60.2577795807313,46.7867502611583,59.4810894318522,63.5688603012513,57.3149195236284,61.6927872607487,67.1490878567982,46.2493243193887,58.9321643926303,54.3966910758366,72.1526160301898,66.2117814289874,66.9850729640567,72.9383301152419,35.4259791678367,63.9374694525831,40.5955662603689,58.3009433885936,85.4751425854324,58.7537232862735,71.6589143093865,71.1125867902441,61.757590626578,25.3377189186399,74.0945342113708,76.1183289359403,31.2409987036266,47.0531614240744,65.138314377945,53,83.1023465372669,45.3210767744986,71.9513724677994,69.8426803609369,71.2811335487869,48.5798312059645,69.3181073024935,47.549973711875,37.5632799419859,57.3236425918661,54.644304369257,43.7378554572581,73.9864852523757,41.4366987102013,65.3911308970873,83.683929162056,85.2408352845043,69.6491205974634,54.4150714416512,60.4400529450463,43.2897216438267,46.6797600679352,63.9296488336984,46.8614980554399,25.3574446662119,68.5200700525036,76.3806258157132,29.0516780926679
"15",55.3353413290277,62.9364759102383,59.7662111899357,63.5531273817426,65.0691939399898,24.0416305603426,55.281099844341,43.4626276242015,58.0172388174411,74.9466476902069,57.393379409127,70.2566722810012,60.9836043539573,66.1966766537415,0,82.0548596976437,42.0951303596984,58.7367006223537,77.1232779386354,65.6505902486794,36.2215405525497,57.930993431841,69.9857128276908,72.587877775838,39.648455203198,49.0306026885251,66.783231428256,52.8772162656091,79.9061950038919,81.8840643837371,67.7790528113222,68.4908753046711,64.1638527521532,69.2314957226839,51.7493961317424,63.3561362458286,68.4032162986507,59.9416382825828,69.7710541700496,66.558245169175,54.799635035281,57.4978260458602,57.7148161220323,65.6734345074171,56.0178542966437,44.328320518603,82.4257241399795,53.4789678284838,78.7337284776988,66.4981202741852,50.1597448159378,72.4223722339996,84.5931439302264,37.6828873628335,75.4718490564528,66.3475696615935,43.7835585579793,55.0181788139157,53.507008886687,71.7356257378438,68.0661443009665,65.7038811639008,60.9179776420721,88.4590300647707,88.7299273075325,61.9354502688081,31.41655614481,57.1139212451745,71.5471872263334,74.7395477642192,56.4623768539724,53.2634959423431,57.662812973354,81.2403840463596,77.2981241687015,68.6731388535576
"16",72.145685941711,57.6367938039582,48.4458460551573,47.6445169982864,39.3319208785943,71.6658914686757,65.924198895398,70.1925922017416,71.4072825417688,47.5604878023765,47.8016736108685,40.0374824383352,98.1121806912883,79.1959594928933,82.0548596976437,0,78.4856674813943,56.4889369699944,27.367864366808,58.2666285278289,94.451045520947,35.6230262611138,27.5136329843952,52.6307894677631,79.8686421569817,61.34329629226,42.4617474911243,53.4696175411794,58.6003412959344,48.3942145302514,48.2182538049648,58.6174035590114,78.2048591840686,31.7490157327751,92.3255111006703,45.3100430368368,67.8822509939086,60.3821165578021,34.7706773014274,62.00806399171,56.6215506675683,75.9341820262785,47.2228758124704,35.3553390593274,70.178344238091,64.5910210478206,27.0739727413618,48.2597140480546,45.8693797647189,69.7352134864446,62.8569805192709,51.5751878329105,27.8028775489157,86.278618440492,45.9673797382448,48.3425278610873,78.9050061783155,46.0217339960154,49.4772675074119,49.8096376216491,69.1520064784819,64.3816744112795,54.881690936049,91.1756546453054,64.5755371638518,46.8294778958724,87.5099994286367,52.4309069156733,54.3139024560011,62.4739945897491,67.5943784644847,55.874860178796,74.9466476902069,50.8428952755446,18.6010752377383,77.4532116829251
"17",39.2173431022552,59.8832196863195,57.2974694031072,57.8619045659577,64.55230437405,33.9705755029261,31.4960314960472,53.9351462406472,63.4271235355979,65.7571288910944,55.6327241828045,75.6108457828637,47.3814309619285,39.4715087119811,42.0951303596984,78.4856674813943,0,51.8748493973717,66.0227233609763,56.0267793113258,44.181444068749,58.7281874401041,61.8789140176199,67.0223843204642,55.7763390695374,47.9061582680139,59.6741149913428,46.3357313528124,75.6967634711022,69.3974062915899,70.4769465853906,73.7427962583465,42.4381903478459,63.6396103067893,32.5576411921994,54.817880294663,79.9374755668454,58.258046654518,69,72.9177618965366,59.3632883186233,32.9848450049413,69.0217357069496,73.0205450541147,28.4604989415154,43.5660418215839,68.5054742338158,51.254268114958,82.1705543366966,55.7853027239254,65.2916533716217,72.0971566707037,74.90660852021,32.0936130717624,73.844431069648,53.4696175411794,27.6947648482525,55.5517776493246,49.6990945591567,56.9473440996154,72.7461339178928,43.4626276242015,61.2862137841783,88.9494238317483,90.1110426085505,67.9337912971152,41.4608248832558,59.791303715507,57.3236425918661,62.4579858785088,62.7136348811006,42.9651021178817,27.5136329843952,74.2495791233863,74.1215218408257,48.3735464897913
"18",38.5227205685164,32.8785644455472,32.4037034920393,31.7332633052449,28.6356421265527,53.1507290636732,49.1426495012225,50.1796771611775,30.9192496674806,25.6709953059869,39.0128184062623,36.2491379207837,71.9791636517124,51.6236379965612,58.7367006223537,56.4889369699944,51.8748493973717,0,40.6201920231798,19.6977156035922,62.0322496770833,36.7423461417477,34.7275107083707,36.5650105975644,49.376107582514,32.7108544675922,50,53.851648071345,34.3656805548792,67.9043444854598,37.0944739819828,40.853396431631,55.1996376799703,33.8969025133566,57.9396237474839,52.820450584977,48.2182538049648,31.5119025131775,51.2640224719052,47.3286382647969,33.2716095192282,54.744862772684,36.8646171823335,43.3704968844029,54.0555270069583,36.0693775937429,54.5527267879434,36.8239052790439,47.5184174820669,40.9389789809174,53.8330753347791,28.9309522829789,45.4312667664022,57.2625532088816,38.9358446678636,26.153393661244,51.1175116765282,39.4334883062607,46.8508271004899,45.4092501589709,42.9767378938886,52.8393792544916,28.2311884269862,69.476614770727,49.1222963632605,35.0713558335004,56.8946394662977,31.6859590355097,32.6343377441614,29.8998327754521,28.2488937836511,40.0374824383352,55.8211429478115,32.3419232575925,50.3487835006964,49.4165964024233
"19",53.0471488394994,46.4435140789325,38.4707681233427,35.5949434611154,27.6405499221705,65.5972560401729,53.2634959423431,60.8604962188118,59.6322060635023,27.1477439209965,37.4699879903904,37.3630833845388,86.7236991830953,60.2577795807313,77.1232779386354,27.367864366808,66.0227233609763,40.6201920231798,0,38.0788655293195,86.1974477580398,31.3687742827162,20.3469899493758,38.3275357934736,71.9861097712607,45.5850852801659,42.8485705712571,48.9489530020817,41.5090351610345,46.0325971459356,37.7359245282264,51.4101157361078,61.8142378421024,25.475478405714,78.5429818634358,41.4728827066554,60.2411819273161,47.0425339453563,34.6987031457949,57.3585215987999,45.7930125674212,60.4400529450463,44.6206230346462,38.0131556174964,57.5847201955519,53.1507290636732,25.219040425837,35.2703841770968,39.4715087119811,52.8961246217528,60.7124369466422,40.3112887414927,22.2710574513201,76.36098480245,35.2420203734122,27.7848879788996,68.1395626636978,40.0874045056549,43.4856298103178,33.9411254969543,58.8982172905089,55.281099844341,41.8688428309166,79.7558775263617,52.6592821827263,38.7298334620742,78.8986691902975,43.3589667773576,33.8378486313773,41.3521462562707,54.3139024560011,46.8934963507734,59.916608715781,32.6190128606002,31.0322412983658,58.0689245638319
"20",39.446165846632,35.7631094844953,38,28.6530975637888,32.5883414736007,60.0915967502945,50.4678115237822,50.7148893324239,36.9864840178139,22.2036033111745,41.6653333119993,41.9285105864733,75.4387168501692,46.7867502611583,65.6505902486794,58.2666285278289,56.0267793113258,19.6977156035922,38.0788655293195,0,69.7567201063812,41.7372735094184,34.7850542618522,37.8021163428716,58.8727441181401,35.3270434653114,55.6776436283002,54.1664102558034,34.4528663539044,66.6558324529819,40.0499687890016,47.9478883789474,49.3051721424842,37.5632799419859,64.1482657598785,57.4630315942346,51.5848815061157,39.3827373350304,53.591044027897,56.1426753904728,35.7631094844953,49.8698305591667,45.4642716866772,48.0936586256442,52.6687763290548,43.692104549907,53.9073278877742,39.2173431022552,45.4752680036083,43.8178046004133,63.3876959669619,36.3455636907725,45.7383865041171,64.5987615980368,42.6614580154031,22.5831795812724,55.0545184340032,45.508241011931,53.6749476012786,37.8153408023781,51.1566222497147,56.5685424949238,29.6479341607472,66.4304147209695,49.9099188538711,40.4474968323134,63.3008688723938,38.9358446678636,30.4138126514911,23.6220236220354,35.3553390593274,48.3425278610873,54.0740233383831,31.4960314960472,56.0446250768082,42.4735211631906
"21",54.8634668973808,70.6611633077181,61.2698947281616,67.6387462923434,72.9931503635786,40.7185461430047,55.6776436283002,54.5435605731786,56.3560112144215,81.8596359630313,60.9754048777046,79.3347338811948,39.560080889705,59.4810894318522,36.2215405525497,94.451045520947,44.181444068749,62.0322496770833,86.1974477580398,69.7567201063812,0,74.4177398205562,77.3563184232549,72.5741000633146,38.4967531098403,53.084837759948,67.0820393249937,60.3324125159934,90.8460235783603,83.7197706638044,73.5798885565886,67.8601503092942,65.9621103361619,80.1436210811566,43.4281015012169,66.9626761711328,87.1148666990887,60.0416522091123,82.4984848345714,63.7024332345319,59.9249530663145,54.4793538875049,70.3491293478462,77.4402995861974,58.8047617119566,47.8016736108685,91.5641851380768,64.0312423743285,90.592494170323,58.9067059000926,56.2672195865408,77.5951029382654,94.7206418897169,29.9666481275434,80.6101730552664,72.3463889907437,42.6497362242722,60.3241245274227,57.7148161220323,73.6070648783118,74.1822081094921,66.4454663615209,71.8261790714221,82.8854631404084,94.841973830156,73.3893725276351,32.1091887160046,61.4491659829489,69.792549745657,72.1941825911202,66.783231428256,51.1370707021824,59.4894948709434,89.509776002401,85.8079250419214,63.9218272579876
"22",50.3984126734166,42.7200187265877,38.4447655734822,39.8371685740842,30.0333148353624,48.5489443757534,52.2781024904309,50.3388517946129,52.0192272145598,33.570820663189,37.7888872553824,34,82.4317899842045,63.5688603012513,57.930993431841,35.6230262611138,58.7281874401041,36.7423461417477,31.3687742827162,41.7372735094184,74.4177398205562,0,27.712812921102,45.4202597967031,59.3464404998312,39.0384425918863,45.8039299623951,48.4974226119286,40.3360880601974,60.5061980296234,37.4165738677394,49.829710013204,63.1585306985525,21.8403296678416,69.3325320466518,43.7949768809164,42.7901857906693,42.6028168082816,30.9515750810843,51.8073353879545,41.3884041731498,62.5219961293623,33.0605505096331,35.5668384875575,55.659680200303,39.1790760483195,38.5486705347928,28.5657137141714,44.2153819388683,56.7274184147313,47.7074417675063,40.8778668719394,33.7638860322683,63,37.7094152699296,33.1963853453957,57.2450871254468,33.0907842155486,37.296112397943,46.6476151587624,45.4202597967031,49.8397431775084,36.5650105975644,83.0481787879782,53.3385414123783,33.0756708170825,62.1369455316239,35.2987251894456,43.4396132579469,49.4772675074119,38.8587184554509,41.024382993532,58.5491246732178,39.3954312071844,36.8917334913934,62.7853486093691
"23",53.2353266168247,41.6052881254294,34.5253530032641,27.9463772249642,27.7848879788996,59.388551085205,49.4671608241265,57.4282160614449,52.4022900262956,29.6816441593117,36.1109401705356,33.9411254969543,80.2558409089332,57.3149195236284,69.9857128276908,27.5136329843952,61.8789140176199,34.7275107083707,20.3469899493758,34.7850542618522,77.3563184232549,27.712812921102,0,38.7943294825416,66.558245169175,44.4297197830461,36.0277670693036,44.2944691807002,45.2216762183801,47.6550102297754,38.262252939418,47.73887304912,58.0603134679791,19.2093727122985,73.4778878302854,41.182520563948,58.5405842130056,43.9203825119955,33.5857112474933,51.9422756528822,42.1781934179263,56.5420197729087,41.2674205639267,34.6554469023269,52.5737577123797,46.3357313528124,26.7581763205193,37.3363094051889,44.2040722106007,52.0768662651661,56.3737527578216,39.7114593033296,23.9582971014219,69.3613725354393,36.0555127546399,28.5306852353742,59.8414572015087,35.0570962859162,40.7062648740952,31.7804971641414,55.3443764080868,47.6235235991626,39.1024295920343,76.9025357189215,54.7083174663597,39.5727178748188,70.3349130944227,38.1575680566778,34.5108678534748,39.9749921826134,49.9599839871872,40.4103947023535,57.4108003776293,38,28.0178514522438,54.9909083394701
"24",44.5308881564246,45.7602447545902,19.5192212959431,40.7921561087423,30.1827765455731,66.4680374315355,60.6959636219741,58.2494635168428,44.5982062419555,36.1109401705356,24.9599679486974,39.585350825779,78.9556837726075,61.6927872607487,72.587877775838,52.6307894677631,67.0223843204642,36.5650105975644,38.3275357934736,37.8021163428716,72.5741000633146,45.4202597967031,38.7943294825416,0,54.4885309033011,33.3016516106934,48.1144468948776,54.6534536877588,47.0744091837593,54.2586398650021,20.7605394920267,25.6515106767613,68.5419579527752,44.6318272088428,74.0135122798533,41.1217703899042,60.4483250388297,27.8926513619627,42.7668095606862,38.1706693679846,26.6082693913001,61.7251974480439,42.5440947723653,43.8178046004133,63.9609255717895,47.2863616701476,52.373657500694,33.0302891298275,40.8656334834051,39.0768473651598,50.5272203866391,36.9594372251527,48.8159809898357,68.629439747094,23.3023603954621,31.859064644148,67.9705818718657,31.0161248385416,41.6893271713517,40.6324993078201,45.5192267069642,65.4599113962126,42.0238027789014,64.4980619863884,37.5765884561119,37.1079506305589,70.9929573971954,27,28.2842712474619,28.6879765755621,48.5077313425396,41.6173040933696,66.9402718847182,39.8873413503583,47.1380949975707,57.3846669416143
"25",51.7687164221791,61.5873363606513,45.5192267069642,54.6900356555013,54.6808924579693,41.5090351610345,64.6297145282261,37.5499667110372,38.6522961801754,66.2193325245732,45.9565011723042,57.3236425918661,59.8581656919087,67.1490878567982,39.648455203198,79.8686421569817,55.7763390695374,49.376107582514,71.9861097712607,58.8727441181401,38.4967531098403,59.3464404998312,66.558245169175,54.4885309033011,0,35.8050275799363,57.5499782797526,58.9067059000926,72.5741000633146,79,49.6990945591567,43.7378554572581,74.289972405433,69.1158447825099,56.8418859644893,56.1782876207526,67.6387462923434,45.066617356975,70.4840407468244,41.6893271713517,39.2300904918661,65.0461374717977,44.7772263544762,55.3624421426656,67.6756972627545,45.6398948289761,84.5221864364618,48.2493523272593,68.60029154457,46.2385120867876,38.9101529166874,55.8838080305915,82.8492607088319,43.7378554572581,61.3025284959764,59.1100668245266,55.9016994374947,47.6550102297754,49.2036584005702,70.0856618717409,57.4195088798224,73.2666363360568,57.4891294072192,71.9444229944198,72.1040914234414,48.3528696149463,42.5088226136646,39.522145690739,60.7042008431048,59.177698502054,49.8998997994986,50.1098792654702,67.6017751246223,72.1803297304744,70.8166647054209,70.7813534767456
"26",29.7993288515027,46.6797600679352,29.7657521322744,37.0270171631472,35.665109000254,41.3642357598929,48.5077313425396,33.555923471125,37.9209704517171,40.2119385257662,24.4131112314674,45.8475735453906,60.0583050043872,46.2493243193887,49.0306026885251,61.34329629226,47.9061582680139,32.7108544675922,45.5850852801659,35.3270434653114,53.084837759948,39.0384425918863,44.4297197830461,33.3016516106934,35.8050275799363,0,48.6004115208915,46.2168800331654,49.2239778969559,61.1800621117697,30.6267856622271,37.9868398264452,54.7631262803723,47.1274866717927,52.5642464038057,40.7185461430047,53.2822672190289,26.7020598456374,47.8330429724056,39.89987468652,26.7020598456374,46.9574275274956,39.7114593033296,47.2969343615419,49.2341345003647,28.0535202782111,59.6657355607052,23.0651251893416,54.1202365109392,31.5911379978626,37.7094152699296,43.3474336033865,58.9236794506249,44.6206230346462,39.2428337406972,31.7490157327751,48.7544869729956,29.6141857899217,32.4191301548947,43.611924974713,41.7492514902962,54.4609952167604,39.4081209904761,67.6387462923434,52.3927475897189,35.5808937493144,45.596052460712,25.298221281347,31.4483703870328,34.1467421579277,35.2420203734122,34.0440890610984,48.8262224629348,48.1663783151692,57.2625532088816,46.475800154489
"27",57.7234787586472,64.7842573469821,39.496835316263,42.6497362242722,44.8553229840116,54.6351535185909,52.5832673005396,54.571054598569,54.516052681756,53.113086899558,38.6781592116274,45.365184888855,64.5677938294317,58.9321643926303,66.783231428256,42.4617474911243,59.6741149913428,50,42.8485705712571,55.6776436283002,67.0820393249937,45.8039299623951,36.0277670693036,48.1144468948776,57.5499782797526,48.6004115208915,0,48.1456124688429,71.0844568101916,46.4219775537406,46.8401537145215,48.8773976393997,69.9213844256534,47.8434948556227,66.3400331624879,28.5657137141714,81.590440616533,54.1202365109392,52.0192272145598,41.4728827066554,50.60632371552,59.8581656919087,46.0108682813094,40.2616442783948,55.6417109729742,52.8488410468952,45.6508488420533,43.0348695827,64.9769189789728,45.0777106783386,49.0306026885251,49.386232899463,51.7687164221791,62.4259561400544,51.2640224719052,46.9254728266003,55.9195851200633,35.1425667816112,36.4005494464026,47.5604878023765,68.5054742338158,50.37856687124,62.9841249839989,80.529497701153,74.8932573734111,48.1040538832228,65.7038811639008,42.7083130081252,47.7179211617606,53.4602656184946,66.1059755241536,39,58.2237065120385,62.4019230472908,31.9530906173409,66.8430998682736
"28",53.9073278877742,47.5289385532646,44.6318272088428,40.2864741569674,49.335585534176,43.6692111217961,39.3827373350304,51.2249938994628,65.8179306876173,60.1581249707801,40.8411557133243,61.0409698481274,68.4470598345904,54.3966910758366,52.8772162656091,53.4696175411794,46.3357313528124,53.851648071345,48.9489530020817,54.1664102558034,60.3324125159934,48.4974226119286,44.2944691807002,54.6534536877588,58.9067059000926,46.2168800331654,48.1456124688429,0,71.4632772828115,38.4837628097877,56.0178542966437,60.3241245274227,45.1109742745598,50.4083326445142,68.1248853210044,42.4028300942284,73.0821455623739,50.1497756724793,46.2385120867876,65.9090282131363,46.5725240887801,39.255572852781,57.8186821018951,52.2015325445527,41.6893271713517,48.6723740945518,50.8920425999979,46.5832587954085,62.7853486093691,59.9666574022598,55.9464029227975,67.1192967781993,60.8276253029822,54.8361194834208,59.0592922409336,50.3388517946129,56.2049819855856,46.3141447076376,37.8549864614954,38.2361085886103,71.756532803641,54.6991773247094,50.60632371552,79.7307970611106,77.3498545570708,56.6215506675683,61.5060972587271,50.5964425626941,50.4281667324919,58.4978632088387,65.0999231950392,41.9642705167146,47.8539444560216,68.2055716199197,54.3046959295419,52.687759489278
"29",55.3263047744922,42.0951303596984,50.3289181286465,49.6990945591567,36.1801050302511,73.4438561079142,70,67.3572564761956,53.507008886687,25.1396101799531,54.4334456010273,42.485291572496,98.9848473252346,72.1526160301898,79.9061950038919,58.6003412959344,75.6967634711022,34.3656805548792,41.5090351610345,34.4528663539044,90.8460235783603,40.3360880601974,45.2216762183801,47.0744091837593,72.5741000633146,49.2239778969559,71.0844568101916,71.4632772828115,0,81.067872798045,43.8976081352959,55.3172667437573,71.9444229944198,36.4142829120662,82.3164625090267,68.461668107051,36.0832371053374,46.0651712251241,52.9055762656452,65.4140657657052,48.8262224629348,76.0526133673262,46.690470119715,53.3291665038935,74.0337760755184,54.9181208709839,58.025856305616,47.5709995690652,40.0874045056549,61.4084684713762,69.0289794216893,36.7695526217005,41.097445176069,81.8657437515839,40.5832477754061,34.4818792991333,75.9736796528903,55.3895296965049,63.118935352238,58.5234995535981,45.7383865041171,70.7177488329486,31.4642654451045,80.5543294925853,38.0263066836631,40.7308237088326,80.4238770515324,48.3011387029333,44.988887516808,43.4626276242015,33.6005952328229,61.0245852095694,74.5318723768563,16.4012194668567,59.0931468107766,66.1740130262628
"30",66.8505796534331,64.7147587494538,49.6890329952194,53.7959106252511,54.6534536877588,71.0352025407122,53.1413210223457,72.0485947121802,79.227520471109,65.3605385534728,46.6154480832267,65.5972560401729,81.4002456998749,66.2117814289874,81.8840643837371,48.3942145302514,69.3974062915899,67.9043444854598,46.0325971459356,66.6558324529819,83.7197706638044,60.5061980296234,47.6550102297754,54.2586398650021,79,61.1800621117697,46.4219775537406,38.4837628097877,81.067872798045,0,58.36951259005,63.9843730921856,63.3561362458286,58.7537232862735,85.6270985144306,41.2431812546026,91.35644476445,61.2535713244542,48.5695377783236,68.5054742338158,58.7196730236128,57.7927331071996,67.8969807870718,56.7626637852735,59.8247440445841,66.1966766537415,43.9203825119955,54.5068802996466,70.2922470831599,64.4437739428721,66.8056883805563,70.950687100267,58.7792480387424,78.7527777287887,58.7111573723428,59.5902676617583,76.8895311469643,52.0576603392815,44.6094160463909,36.592348927064,83.7257427557379,65.5057249406493,68.0294054067798,86.7352292900641,80.2496105909555,65.2763356814704,86.936758623726,61.2780547994141,52.1344415909483,62.7614531380528,83.2766473868875,52.0768662651661,64.4592894779333,72.5327512231544,48.2493523272593,63.3640276497635
"31",49.5176736125598,47.0425339453563,22,39.8622628559895,23.9165214862028,62.4099351065197,63.2376470150495,51.4198405287298,39.8748040747538,35.3977400408557,23.5796522451032,27.6043474836845,81.8107572388864,66.9850729640567,67.7790528113222,48.2182538049648,70.4769465853906,37.0944739819828,37.7359245282264,40.0499687890016,73.5798885565886,37.4165738677394,38.262252939418,20.7605394920267,49.6990945591567,30.6267856622271,46.8401537145215,56.0178542966437,43.8976081352959,58.36951259005,0,21.1896201004171,72.3809367167903,41.4849370253831,76.3085840518614,42.2137418384109,51.2152321092075,29.4788059459674,39.3700393700591,30.2324329156619,23.8117617995813,67.5351760196122,29.3087017795057,32.7566787083184,68.3520299625402,45.1995575199581,54.2217668469038,29.086079144498,36.1386219991853,42.9651021178817,41.0121933088198,30.1827765455731,47.9583152331272,69.6060342211794,19.7484176581315,35.5246393366632,69.2459385090563,28.6530975637888,39.560080889705,45.7165178026498,40.9023226724351,67.7642973843897,39.7617907041421,66.1891229734916,33.5111921602321,27.1661554144122,69.3613725354393,22.9782505861521,33.8378486313773,35.1567916624939,42.3083916026124,44.1248229458204,71.1055553385247,38.9101529166874,42.9534631898291,63.08724118235
