"","V1","V2","V3","V4","V5","V6","V7","V8","V9","V10","V11","V12","V13","V14","V15","V16","V17","V18","V19","V20","V21","V22","V23","V24","V25","V26","V27","V28","V29","V30","V31","V32","V33","V34","V35","V36","V37","V38","V39","V40","V41","V42","V43","V44","V45","V46","V47","V48","V49","V50","V51","V52","V53","V54","V55","V56","V57","V58","V59","V60","V61","V62","V63","V64","V65","V66","V67","V68","V69","V70","V71","V72","V73","V74","V75","V76"
"1",0,32.7653057286635,21.7467872598224,28.1258813985135,31.0570072713932,28.8329733315423,22.186799731637,30.1650772271652,25.9176915397248,27.4119897646422,24.3414120290112,38.5460522883259,28.0182994849238,21.1793635982177,32.0772683884443,40.9077927237936,19.7423438037145,24.0230543825931,28.5721332766293,23.8909846115264,32.5362907371463,32.8844375820096,32.2115880225479,23.1613211157635,27.4193694155165,16.6148102370728,30.0516632354603,29.0743045516902,29.6206671435159,42.0411219434116,27.8581852098542,30.3630203006555,28.0233325281704,35.8782937825562,24.6755372653446,27.1589727813819,40.220050761599,22.8574907030444,33.5301166142491,30.5939674164292,25.4459800517466,23.7209362935529,34.3592564115448,38.1091408899559,22.5165989810317,21.3810442265256,34.3967738085801,18.4878636235194,41.1352826936997,18.9755897860456,30.0066755469955,29.4788383689257,37.367543417118,29.3764647659763,29.9523073671611,19.0369353307071,23.7038263608237,23.1898702134897,23.925485761186,27.5034036133603,31.6965175662122,27.2628933068015,30.3600326206695,58.3906517126909,35.8997334558388,28.5211376143709,30.62223154548,28.6533484239597,19.5945252257392,20.809339653763,28.1809365739754,20.4688890434851,20.432802211872,29.3651730545075,37.1923896265886,20.8908178641936
"2",32.7653057286635,0,22.5831380516395,21.1458399773879,19.4036670575335,34.2618460509358,26.8734771573822,36.0360591636672,35.6793100989917,26.2031797517255,23.5651188028313,26.6844200353784,48.3736777200128,35.7702727408669,35.1427154247199,31.9622324279797,35.2187845038586,17.9297018671023,28.5119696959416,18.4330647745774,40.8568771610747,22.5353402586214,23.7729702243006,24.867888785195,38.4604962500713,26.7340721044286,37.638338884401,29.5565079678788,25.3427888604632,42.6641151212851,25.6393921427473,33.0970993470247,27.6146914276204,22.7421371134673,44.3511218581746,32.9962710844302,22.6283678446314,19.8236887163186,26.1188650285703,41.768589887828,21.5399589663155,31.2396599910134,27.6647747031298,27.2538311526595,33.5850465444928,24.0799214263431,33.7549534388986,23.6676335865192,25.9834827560852,40.0006480258778,32.18893261426,27.863776875106,28.7194491370629,40.7299970003692,26.7326992450613,25.3773254088315,37.7574156173665,26.0289967325378,26.4809582878097,23.4892416030504,29.4991220420672,38.8899081214807,8.91832998009296,51.0997938321596,26.1573799357274,25.8193160043438,38.4355282660154,25.0214732243531,26.4449839336639,25.1473482362912,21.1747485184825,24.6613751590103,39.0793379692078,25.9878413873901,29.0746762406189,31.6760258474792
"3",21.7467872598224,22.5831380516395,0,23.7575814578351,13.4078685149892,37.058587557796,27.2724311383929,38.3146773100109,21.9422303572494,19.0668509109516,10.1093425524509,19.3746017368739,37.7529643598332,34.4898754871986,39.7728764419295,24.1185868320382,31.2769285064707,17.3263846937034,19.9602800455366,18.2899578735833,36.090775481004,18.112459600069,16.4130798542572,10.0104780192033,25.7706451011516,17.5427031375175,20.0617969321245,24.5342877178454,25.7740881292545,34.5648429633906,10.8740847823663,14.0140025739188,32.7079041092483,20.5341116529414,39.8089286768931,19.7007557721495,31.5286200476333,15.4977402696765,20.7301140684295,19.9731002375355,11.2338437644551,29.9952436772505,21.8838885729555,20.0052634788498,31.7788141788934,24.1475047499029,25.3589362636848,14.391880539681,24.6137195498866,22.0052328082448,28.048948717611,16.7729047216435,24.1440255932825,35.3400936252851,15.8094749776702,16.0574834196641,38.568109782563,11.9897490909378,17.923609422565,19.5784828702869,25.9705079921185,40.4728373769903,20.6694254819534,56.1026958932333,24.1799706913553,20.6652017837851,37.4971097158841,12.3219709865348,16.7351747545611,18.0967406944486,26.0944066301443,20.1453798021741,34.3020020223357,21.4418661136094,19.6278090400025,31.8889219251526
"4",28.1258813985135,21.1458399773879,23.7575814578351,0,24.296021913603,30.216305627826,28.2238462464707,24.5666590131009,23.995559820527,19.0131599864851,22.1613686441057,28.3777430922499,41.430340393148,33.0914424668689,34.316317904056,27.9549514618526,30.271991041587,18.3819579950394,21.6168235552147,15.1600179278656,42.1176919583366,29.2647486701695,17.5621956351997,23.9446575859081,28.4373635519082,20.7589957990154,23.9860098130654,21.5046341593847,29.3438598196457,34.894102713496,26.5291096990213,26.4401861760213,28.7110524190085,24.6162931441146,38.6206527565692,29.4488485613441,31.2557020908689,24.0312768803673,29.6352134664183,31.1976043803984,20.7969460765029,29.2137886866106,31.3462359051923,24.5221472456164,28.5844340940738,30.7503222044946,28.05522251356,29.2704863010594,27.4067361499724,27.3944975383777,36.2805557966227,30.4032210959411,29.813046592635,40.8467615147292,27.6432612719312,19.8693709643892,33.8926892900895,29.5027875802101,29.280560829993,21.5230315891246,34.114537123346,34.3283743470554,20.2747896066494,44.8890968405494,30.4446531941967,28.3576660417931,39.6687891031847,20.3736514279308,20.6935754687686,18.2537323786024,26.3759371572047,30.0574222271681,31.5307081324846,28.6480695369732,30.9386753217655,35.5306837415876
"5",31.0570072713932,19.4036670575335,13.4078685149892,24.296021913603,0,34.4215144550987,28.4998600119007,31.3805738679358,21.9193081313379,17.2879487237694,15.6426079731834,12.6712576980147,46.1565465620675,37.4983155488282,36.9322902357051,24.7693129170385,36.2621438426379,17.512727961093,13.668635433166,18.726720532338,44.8320367706522,15.3825618793206,16.74687987733,16.6602355401214,32.0698686394007,22.7676766193441,24.6333179821666,26.2559562912095,20.2229689982312,37.9925904958461,11.3688591068092,18.7317835133238,33.6673812969089,17.6239445872476,46.3173431767945,27.3617114236303,24.7700195615949,24.3549495780436,18.847798544261,26.7668721586848,14.8655664153523,32.8164673763416,16.2936850554923,14.8072331675474,34.6933172537814,31.3576418648735,26.6933087073555,16.1504930565511,19.5758619074362,33.3230715463552,31.5276798443478,12.5492152801429,20.846384524376,44.8097265821521,11.9936274947152,19.4028218577124,41.3494616036178,18.8892104871405,26.2198943502955,21.0309768087574,32.4185089858584,43.1750601938362,14.6337632317064,57.1294487879164,20.9725798000029,12.9743889758739,43.099537725787,18.6982596202536,17.0199385678333,19.3854591776361,21.5216138293413,29.0646095782057,39.6573229244301,15.1538144499274,21.1578090128524,33.1861684284656
"6",28.8329733315423,34.2618460509358,37.058587557796,30.216305627826,34.4215144550987,0,28.633725223323,21.0780434415771,30.6951684699413,38.9133773355134,30.4111489972517,37.9873444364746,31.3413926531734,32.4352680421653,12.6663197478296,40.5628332161553,21.1220313017534,31.9984386827945,39.7493780316431,33.9332692115342,19.6407593479474,28.0560727986648,36.2924619371384,42.7806947403616,22.3449416817348,21.6381062984088,32.2055773394479,21.2275320207165,39.3474221324424,38.017370986582,34.4256355686798,37.8650462956885,31.1688804081154,34.8969168773381,26.1724920837352,34.3745173838591,36.3375994933226,34.6884409462692,34.0187122552819,33.3813743684827,30.457399576005,29.744133799537,30.1161431554946,36.5047849255296,26.7849960253708,19.2419623539407,41.0213900961128,26.0439710623201,47.9740006752191,31.5677295695195,24.5520731781224,38.2904897642821,43.656704323271,17.0701482091193,39.720328551482,36.8749758552821,23.5209812730437,29.7895652397945,24.6573693925189,35.393776189454,35.326939515638,32.126920225035,30.8001711764599,57.1798999579922,46.7244833086173,32.0792812826272,15.5672176930405,31.2572193834791,36.0373343678827,39.5212064851817,30.6730094601981,30.2518899861771,23.8825013188106,41.7436762440205,39.8773974495608,35.6478543524513
"7",22.186799731637,26.8734771573822,27.2724311383929,28.2238462464707,28.4998600119007,28.633725223323,0,30.3802554506692,34.5675725769756,29.0162844154979,30.2081245214765,36.2528038693455,31.9838966502131,18.5529699307811,31.2956092511962,39.2469185286722,18.6724977766561,28.6647800418652,28.3377242669523,26.9439611038431,30.0834421882185,34.384706184605,29.9201042180726,31.6969833921431,34.0828896254308,25.4108533267925,30.1889463948177,23.4322125509041,36.7350181336006,29.2504411559879,33.7176987010549,37.0267058678789,20.8716582693412,31.8075313868716,27.5641569323798,26.5039050619927,43.9551576498555,31.291827065636,33.6650111101403,35.4807269343161,32.5032433342523,17.7445269385509,38.4601808058727,38.3428406664433,15.4411875684112,21.4689928647617,27.432264101806,24.7319832479323,46.0853206446596,27.1297459550687,35.9330837194498,32.578723937199,31.9808741009276,29.0351361174329,33.384665012541,25.3688847768085,19.2279347908101,28.4010468840545,23.7666456162805,19.6071562974934,38.846240469346,23.3184693070886,30.408179020636,55.4995497059374,43.3110708925057,34.034308720283,31.0439904836009,34.7735204981113,23.6812461239946,28.6727981759165,37.7168260676944,19.1817415438556,22.3145208421173,32.6226426664273,36.1156158808319,16.6693453361625
"8",30.1650772271652,36.0360591636672,38.3146773100109,24.5666590131009,31.3805738679358,21.0780434415771,30.3802554506692,0,25.9398354659872,35.1101816332317,31.3131969035804,33.0134740391356,35.079678376055,35.2507499588009,25.1504231300939,37.1272502934863,27.8130932686456,32.5844454288191,35.2342906374704,30.9510299647309,36.6258837731652,27.6769256318275,35.2872027302825,43.5365104887098,20.660066870953,21.3363947107565,34.1021338552326,27.0101507829943,35.3994308958861,42.1637784949049,32.5341238596033,36.7858233906976,31.0829138634429,34.5311905505441,38.4781482808577,36.9030415857488,35.7854185506241,34.1625031664665,35.8460356879432,33.1949680437719,28.6252852127873,29.2516079528087,25.6817495935572,29.6569345593266,31.4174594098426,26.357491784565,42.1774453073625,27.1406275178877,43.1019146961741,31.5523529130383,27.8215195369985,34.125766449342,41.8957255638052,34.4023448803699,39.5584345897523,36.3846181420547,35.9672979421846,31.8089121129415,27.5584445837551,35.1722350912599,35.7971416363646,42.1387694483473,31.0853198560557,52.667221485124,45.2019575936231,23.6754372008741,33.3342386414904,31.6123644269399,36.5144225866949,39.5425470681587,24.0052241430231,33.3406074611976,32.5678125416769,37.2379823565598,38.9397832386459,35.7388846327375
"9",25.9176915397248,35.6793100989917,21.9422303572494,23.995559820527,21.9193081313379,30.6951684699413,34.5675725769756,25.9398354659872,0,25.4443206960703,25.9041744044579,18.3363046187721,38.4474955075116,31.040557674134,30.5588782985277,42.1615669789451,32.2250996209479,19.742617637128,32.5645272706052,23.151984781265,36.1004942787376,28.8793237879055,30.6018033349567,23.733876195886,23.1985560593242,18.9077041236575,39.1152043955806,42.2411751164,35.834954662878,55.2431587558055,20.7454265257733,21.7372365388478,36.4437619418326,32.4623573269473,34.5334512919339,39.3070931376704,39.2947793993082,23.2360392425352,38.4381613541051,18.7682552909934,21.3657523918105,34.2013490541287,18.3685342968381,26.3948099024171,37.0517613997324,26.3329271633259,44.6816297118016,23.8913210162842,33.8246967093055,26.0515701662156,28.3300547888921,15.4145518298457,35.3847644346541,36.3245917070545,26.151501290368,26.1913105819801,31.8472336131972,26.9423822989979,33.9026246193713,33.8849491479511,29.3278907973047,36.596175085122,33.3826882695194,52.1396826052174,31.0411500918692,20.9275805574017,34.6023934206251,17.4116728340733,24.0551705118731,19.7281098920116,24.2547275469733,29.285050296997,35.9975414833107,30.5839553735744,38.120661356255,34.4504462795408
"10",27.4119897646422,26.2031797517255,19.0668509109516,19.0131599864851,17.2879487237694,38.9133773355134,29.0162844154979,35.1101816332317,25.4443206960703,0,24.6627683998097,17.303892389806,46.8188736956339,30.0689759185763,43.2636178779146,31.4216355336047,36.5411312379885,15.4239067632316,18.5438676684832,11.4901866315596,50.7730723177754,16.9284236442463,18.529988137512,20.0410337771018,36.5240960494622,23.5437163311146,30.990926352498,32.7496561334339,13.6486723440505,44.9101591895075,22.343422001759,27.5381853232433,28.7727284768467,14.4311331982408,42.724298004524,30.530331546949,25.6214309442823,30.3338631515583,25.2664509420305,32.7059928113152,25.6331824426507,31.042311314843,21.830919359334,22.695925155281,33.4123115632311,37.1876477573159,32.1889542245751,17.9403215589762,33.2454410479775,30.459713351592,38.5952016538327,16.1106596107691,18.0058052011146,48.6881767165031,19.2566153327218,14.3629118645591,38.1465840264113,25.0040133032649,32.4684817820102,23.0392297295022,38.1230608691446,35.722083887698,19.6815437610777,55.7130411661704,27.3282672122509,20.6020430729764,47.808927357668,23.7597821157708,16.1811422635154,14.4724306058193,22.9861096400512,34.3720137892701,34.0447523368136,10.620647581076,27.969840215276,31.9298172972778
"11",24.3414120290112,23.5651188028313,10.1093425524509,22.1613686441057,15.6426079731834,30.4111489972517,30.2081245214765,31.3131969035804,25.9041744044579,24.6627683998097,0,21.377878472633,37.9775356863662,38.9113832855712,33.5774119120629,25.0436875567347,32.6969038397465,23.5725226720397,22.7723474944575,24.0290048470399,32.7254207047014,19.4772480113373,21.9081912384557,15.3939647467851,22.753888665312,13.4373202565346,21.7296590322029,20.7779642830463,28.4785226295444,31.1543682277086,13.697039418823,18.1451315568283,33.4908365747654,23.8428786420051,44.8806557239886,16.3704450237193,31.4385260787314,16.4988934541175,19.3820505938446,20.9751873451186,14.914600518355,28.9857495100287,19.8363034364253,21.5473261307387,32.2490790843528,21.9034863506476,26.3854285586762,11.4902898973248,28.3059640101946,22.8075346695627,21.3247107131569,22.0796605826224,28.108382365267,31.0413017435389,16.8620356809415,21.372181712338,42.4699644241611,11.1503061840338,13.0970791961331,19.4397572870165,25.5417160136754,47.0376294971161,20.5823242982561,53.5343261998518,28.0149215487179,18.8320060388172,31.8859887656846,14.8438667687464,17.6593595572133,21.3306650799478,27.4457655483769,22.4686285065424,38.7076814438948,25.8966688831727,21.1336292264138,32.1495343372817
"12",38.5460522883259,26.6844200353784,19.3746017368739,28.3777430922499,12.6712576980147,37.9873444364746,36.2528038693455,33.0134740391356,18.3363046187721,17.303892389806,21.377878472633,0,52.5656125219816,43.6571918023981,39.5080054899784,26.6429388355709,41.11179898325,17.3620907635058,18.557717573806,21.7963232235551,48.8936076650809,18.0039801019971,16.8170075432437,22.3981754590834,36.8891378230243,29.1560134230688,25.8325215126315,30.8441555296296,25.8452231657099,41.2218488520829,14.2560776048098,17.5795397584245,40.4099749942685,21.1567489899237,49.630880254107,32.9321757938353,29.5864192772253,28.309195220957,25.1765350505522,24.5855106084163,19.7019200233908,40.8571399953942,11.1553992851838,10.7184566724727,38.9280411368233,34.7061992358398,29.5669239388303,22.409152409657,22.245598957555,39.4864881453314,34.6059006893102,10.916450971215,23.240970827629,49.641207174528,16.1986901404786,24.881100576231,42.3514512986574,23.0160566960806,30.5493283352395,30.1223942638644,35.3307429049446,41.1268385138285,23.2905385239721,59.1763911364976,22.0629126638262,14.4097284598243,47.1902290378787,23.1603237235133,27.338985612047,25.6418931218849,21.9698529461101,32.984501787522,43.9676261157705,20.3400624475411,23.0944944531818,43.4807336114426
"13",28.0182994849238,48.3736777200128,37.7529643598332,41.430340393148,46.1565465620675,31.3413926531734,31.9838966502131,35.079678376055,38.4474955075116,46.8188736956339,37.9775356863662,52.5656125219816,0,24.9855151288028,33.9648531475381,54.5156752220239,26.186154433137,38.2017493033449,48.1768274204544,42.1693036113517,21.6532917223157,46.1294454395769,46.3875453328064,41.7768315831783,37.1805226184478,31.2113594542906,36.7648794911298,35.5436706886621,51.0260145653094,42.0960528840041,44.046249667613,45.0531656626517,38.260465462027,49.6448693277993,16.6891892112169,33.3864400752884,55.7837357106318,39.7090518841322,48.3326796252128,39.879886819688,41.2445672199151,28.998470036417,47.9733265669446,52.7513268683421,31.2384207240474,31.707072669797,47.8211713453347,34.9871340346567,59.3559164062801,31.4127636730013,41.827100196724,47.223512481026,53.772504218841,23.4319498378051,45.5980441060571,40.8102449729366,22.6691787575545,35.7281668796749,31.7531262357533,41.6639852891483,44.9900506296153,31.8189119463708,46.949889540822,53.4643623848965,53.2394523283691,45.6216298000739,30.4429684557193,40.989979677368,36.2869330220235,39.0328731471735,42.2951161142628,28.3893163398342,29.9853946747756,50.386219342071,50.4069873729878,33.7070654870168
"14",21.1793635982177,35.7702727408669,34.4898754871986,33.0914424668689,37.4983155488282,32.4352680421653,18.5529699307811,35.2507499588009,31.040557674134,30.0689759185763,38.9113832855712,43.6571918023981,24.9855151288028,0,36.9918384030652,45.5063418024146,22.5715035315303,29.6780817720054,31.8326219173369,25.2680348578612,33.9213896481248,40.46673455995,35.5760997203619,37.5183282268064,39.9621307858581,32.1570598761072,33.4815686696171,31.6555590415885,36.3784104504491,38.3965533282834,41.1371623495252,43.518151932074,17.9578140787616,38.9289545180736,22.4829262427175,35.0314654392712,48.2127327266997,35.8844370566492,41.5604864657279,40.126774562731,40.5897814333886,13.8023923300789,44.8470961187503,45.786400875257,17.1582849268629,26.8234767954623,33.5210718788217,33.9113916109858,53.6974197918137,25.0977702654796,44.8410308098639,36.8790493588213,39.4211121352567,29.9853926956154,39.5659453233444,27.7688617979513,21.8017799325684,35.6392996355527,32.532505285976,25.9593241902801,41.6162701390336,23.7758749696189,37.0638025735227,49.2587490427461,47.6508414793973,40.625484470652,33.3499764008648,39.7154903833392,24.1373959370002,26.1601806268617,36.7374176490063,27.0779672741877,12.3606213432406,34.261880449034,42.878750192174,15.9712776787188
"15",32.0772683884443,35.1427154247199,39.7728764419295,34.316317904056,36.9322902357051,12.6663197478296,31.2956092511962,25.1504231300939,30.5588782985277,43.2636178779146,33.5774119120629,39.5080054899784,33.9648531475381,36.9918384030652,0,43.7743568771905,24.2123848252396,34.2667785178751,44.4591557840233,36.9510881717472,18.419263146098,31.3724290939534,39.5303192230355,45.9811662641101,20.1792167263351,27.584846835134,36.3830821962183,26.3275713874568,42.6323659238172,43.0862801549556,38.4539623128459,40.8311143014971,33.8193967569235,36.7970144028915,32.0825646326525,38.1610005431166,33.3993814999076,38.4399740233507,37.4409898613894,37.1874308625963,32.9892742722434,32.4280389576379,33.0926827830991,37.7529297045683,30.2247029205562,25.9258771086177,45.1827096669419,31.1767561866477,49.7342017381165,37.0608068398763,29.0482962701198,41.6129203371761,46.773431063993,19.7744576061234,43.9135892971787,40.8934842532202,29.3604939505396,34.2528454041896,30.9069224884317,38.7299741464151,39.1822333480253,39.243316989089,31.7081603503021,58.0013710486399,49.3119351484425,35.9598745966706,17.4794042066119,35.2640521969031,40.8752245755855,43.3950868229631,30.4224450733897,33.5554210367771,29.9465240151193,45.6517672842241,42.6644353482464,38.3981662246334
"16",40.9077927237936,31.9622324279797,24.1185868320382,27.9549514618526,24.7693129170385,40.5628332161553,39.2469185286722,37.1272502934863,42.1615669789451,31.4216355336047,25.0436875567347,26.6429388355709,54.5156752220239,45.5063418024146,43.7743568771905,0,41.120080075963,34.8237450993641,17.848434894676,35.3420459591898,52.9359526076819,19.5051024948529,14.3354270620467,27.6753023312475,42.1081713367172,33.7313337449311,25.6036584569164,28.2861826771061,42.542233318084,30.4932367545903,27.9781171787937,31.922699877709,41.6910557994608,18.9727258855348,50.3581617117613,30.7054255634079,45.0891592268036,35.4889706627409,19.9448504401287,34.9558851347287,29.7690501797275,41.957643687473,27.3027499276333,18.7292112604228,36.5971095454549,39.512653473972,16.4370607587761,25.2006252480868,31.0843578483086,40.6174466910063,39.0026865364943,34.6215221042143,16.3781710112779,51.8310029589488,28.9327062701084,29.0278792315342,41.4617696541664,26.3477500518002,33.2816522428335,32.7278018239871,46.2566610700447,40.8721089509419,33.7123119267015,60.406867997736,43.7729062121072,30.133869306789,50.1176487585285,29.8641447457572,32.3326326707475,35.4295017333673,44.1583338694882,36.417335879591,43.2005598678153,35.8130388271284,10.5358844076521,47.2522099695964
"17",19.7423438037145,35.2187845038586,31.2769285064707,30.271991041587,36.2621438426379,21.1220313017534,18.6724977766561,27.8130932686456,32.2250996209479,36.5411312379885,32.6969038397465,41.11179898325,26.186154433137,22.5715035315303,24.2123848252396,41.120080075963,0,27.7638684967148,37.0656171172281,30.3464114722397,23.2650152824059,31.9022011626621,34.0999279684478,37.4492336615665,31.3989665959507,27.0930147284133,27.7718419348084,23.9851650484197,38.9984663196311,37.2227024550168,37.8445585248563,40.7543227946268,22.7297206095134,36.4957518432626,15.7738156969334,26.8470164802797,41.4359463539074,36.56518564604,36.2800575691934,35.8568779943741,35.0113552284569,17.4473311367562,36.0067747130759,40.4994938558834,14.8533705770865,22.5899106624758,35.8154844573376,27.1129555774218,47.9325599637486,30.772091421856,35.6563717885029,37.5508922910576,41.2603288774555,18.4598506227966,39.533758539103,29.2268349683616,13.7157793928672,28.0966415955894,27.2798126719275,30.8759063940992,36.7036617687333,26.4118675466004,33.718961427113,52.630207184624,47.076219234289,35.4838639683094,20.3223349608235,32.5272651184127,31.7809541342091,34.4046405315492,33.669171260949,22.1429345697638,17.3624539148727,39.5254618191548,37.8083160004675,24.3197842435311
"18",24.0230543825931,17.9297018671023,17.3263846937034,18.3819579950394,17.512727961093,31.9984386827945,28.6647800418652,32.5844454288191,19.742617637128,15.4239067632316,23.5725226720397,17.3620907635058,38.2017493033449,29.6780817720054,34.2667785178751,34.8237450993641,27.7638684967148,0,23.2329928868316,11.3065975143334,36.4422290260543,17.8670922629157,21.9973953945499,20.6041053528132,26.5947187984721,17.5072558216105,32.7141027908625,34.6474297124699,18.1427804547611,48.3537848553757,22.8075583214444,25.4667345440426,28.796810916322,17.5557617925075,33.5007475032166,32.6141581200038,24.7751527994154,18.8857215899105,27.5832204052135,26.3430803934673,23.2482005009823,28.9569923568081,19.6485281971803,22.9231592189147,30.0970344516014,23.4463008540997,35.7940855932455,18.5613180875989,33.7984942538507,25.9497836403778,28.9205577424803,15.7828026666211,22.9459394794755,35.7399349486582,20.0543438708227,13.5008588759961,28.8129169957206,21.1891899245054,27.2913226647096,26.3321646963134,25.0926261558787,29.8620990232438,17.3897462442035,53.3141607548167,28.1379250761661,19.7347889644966,34.9888596826254,16.6541902520004,17.3699127030806,14.483914577469,16.3938092226301,23.5918798805363,30.605059284817,18.1712419754341,31.2689057138229,32.7298316007288
"19",28.5721332766293,28.5119696959416,19.9602800455366,21.6168235552147,13.668635433166,39.7493780316431,28.3377242669523,35.2342906374704,32.5645272706052,18.5438676684832,22.7723474944575,18.557717573806,48.1768274204544,31.8326219173369,44.4591557840233,17.848434894676,37.0656171172281,23.2329928868316,0,22.3317249297758,52.8554858617431,16.5961131772472,10.2922512727341,18.1112236492425,38.5903925282156,25.1331838177996,26.9316430624409,26.5979420458076,29.8951378820468,26.8444527483398,18.4466421037495,27.3294923577052,30.441553741719,13.4556064461601,44.8806921028313,23.647395402653,33.6761892279629,32.3997387850097,20.6181962062353,34.9864192524369,24.6396247951068,30.610242004956,22.1668583470476,20.1863221624933,31.4035214979187,39.2009697220261,14.4734926834719,17.3523249095894,26.3698279359386,31.4222748187683,39.8324260368455,23.1467037800809,12.6921200360182,50.3285809409282,19.1321906151423,16.1034806648245,39.4930951745829,26.2927653737072,33.100759218838,18.3965283981864,41.4465207124076,39.300920718225,23.4087834775287,54.9661715617534,31.7231909456929,21.2610447436104,49.4212753249286,25.7259945617474,17.7353730400592,21.6003805062563,32.8445614870077,36.1396306373267,34.0366768112917,23.0225863044686,16.0558796794256,32.838266229432
"20",23.8909846115264,18.4330647745774,18.2899578735833,15.1600179278656,18.726720532338,33.9332692115342,26.9439611038431,30.9510299647309,23.151984781265,11.4901866315596,24.0290048470399,21.7963232235551,42.1693036113517,25.2680348578612,36.9510881717472,35.3420459591898,30.3464114722397,11.3065975143334,22.3317249297758,0,45.8000206591929,22.3696869606412,22.1317854049732,20.4486073969581,31.9195253792632,19.8915834394106,33.3963254479357,34.7053540460501,18.3229150552721,48.3289419843295,23.1935171028792,27.0316118161728,23.6506672420875,19.1793787093005,38.294187268198,33.0922787042575,26.4561095232757,26.6502650985922,28.368154224849,31.1454479206857,23.2919833689432,26.5629669083821,25.1306896868804,24.7075978858185,29.9790765132078,33.1263083621252,35.7799545645995,21.105730123122,33.7376954954207,27.5646869934,35.8002506954971,21.36693850868,23.686208142023,44.158560359394,21.673720361247,12.3304442523996,32.4403584114762,24.6887599470906,31.2183411942718,25.3790259762562,34.5933800053428,33.3739549509892,16.7225187343729,46.8136381538107,28.3742634532496,22.1757964781384,42.9751910057147,21.2622348246766,13.1993713126619,11.5785564152262,19.4272604475097,31.2134030950737,30.7558469572931,18.808201510838,32.3521207326419,26.2763237002697
"21",32.5362907371463,40.8568771610747,36.090775481004,42.1176919583366,44.8320367706522,19.6407593479474,30.0834421882185,36.6258837731652,36.1004942787376,50.7730723177754,32.7254207047014,48.8936076650809,21.6532917223157,33.9213896481248,18.419263146098,52.9359526076819,23.2650152824059,36.4422290260543,52.8554858617431,45.8000206591929,0,40.6509649190058,45.5651960913659,41.2412947976793,20.8537586054926,30.9436366494217,37.8047504518523,33.9181812347028,51.8167344170078,45.4777331599581,41.6455282674794,36.6254080737754,35.7867936284608,44.3049839601256,25.9244891382021,36.0180317673227,44.5398528261929,31.4872955650741,40.5493046146235,32.3316700009913,38.0001102079994,30.1090813913273,42.741367459376,49.0523245639754,31.0124693776784,26.5944633180722,48.9213248285841,37.017372046855,57.6619887597797,38.3389442692843,30.1545117935216,49.2059593032556,53.6872145559536,15.342727988859,42.3895810058784,46.4990214854099,24.7449689673788,31.6256969419147,28.6951979402686,43.0099163887542,36.7780494340045,35.7225962942711,41.83439371969,53.5973040559077,47.3865407238807,45.9805567351618,18.1501729050496,31.6714949380835,40.7862750388508,42.857650292809,33.7330967370098,25.7509411841563,32.5619581953901,53.7807246112955,48.4560040963565,33.8362571311008
"22",32.8844375820096,22.5353402586214,18.112459600069,29.2647486701695,15.3825618793206,28.0560727986648,34.384706184605,27.6769256318275,28.8793237879055,16.9284236442463,19.4772480113373,18.0039801019971,46.1294454395769,40.46673455995,31.3724290939534,19.5051024948529,31.9022011626621,17.8670922629157,16.5961131772472,22.3696869606412,40.6509649190058,0,14.4396541306567,22.9514033082576,31.8273660400454,22.0107878577334,27.0639313138232,25.8579491082111,24.5136209630604,34.4426597071468,19.0674334812024,26.571541311081,39.2013286404515,12.602611967193,40.0812800216323,24.4417220127711,26.8204174435927,21.1219981426659,14.9754138558531,32.3823178041001,21.0418666580934,37.7100373534635,18.0373258247766,19.1814032230876,29.334502169241,25.8572167442411,21.5735164684501,17.0617024992718,29.5222905306397,33.5573767954304,27.5645671269591,20.4668332632901,18.1399497648994,39.4452699295168,19.489356649175,18.2027245514976,30.6378118116294,15.8271623357193,20.9426579651339,29.8680342215206,28.4500335872295,31.3415537078683,17.8097752808822,59.3744551463271,29.667929795246,18.2996771900163,36.6093088677182,16.6203337841625,26.6348932001723,25.7210028382133,25.453643825015,24.0578374851007,35.734049846762,20.5744180407554,18.5309176739464,43.0966475521457
"23",32.2115880225479,23.7729702243006,16.4130798542572,17.5621956351997,16.74687987733,36.2924619371384,29.9201042180726,35.2872027302825,30.6018033349567,18.529988137512,21.9081912384557,16.8170075432437,46.3875453328064,35.5760997203619,39.5303192230355,14.3354270620467,34.0999279684478,21.9973953945499,10.2922512727341,22.1317854049732,45.5651960913659,14.4396541306567,0,20.1219841337033,34.4680546178581,24.1662862493162,23.3412242931,22.5571689385073,29.9956958021396,28.2386484929483,21.9896579951543,26.4730090608722,31.7024046538488,9.67487500081077,41.9305486963995,25.4931191674685,33.4681393228455,25.6406480755183,18.1138977106185,30.1049178989912,24.1027057565869,32.4430913217043,20.8456103181607,20.2125789798912,29.8492243912212,31.3731696335478,14.4335395212552,17.6399218963924,32.3732872424149,33.9278665326492,33.6303897613496,22.6564951495426,12.9959570112767,44.4984730498464,20.0996397338561,18.9010362590476,33.1342730935438,19.3323774600445,25.8968463108326,23.1704231537143,35.2041639835452,30.8701242195176,22.1753688951898,51.9929893720355,33.5046505044435,21.8867925380274,42.8402155789973,19.7726967086012,21.6245393386669,22.202221046436,31.6875271722321,28.6912199123033,35.7492408106523,23.2388522197065,14.8036784858153,37.4085609690647
"24",23.1613211157635,24.867888785195,10.0104780192033,23.9446575859081,16.6602355401214,42.7806947403616,31.6969833921431,43.5365104887098,23.733876195886,20.0410337771018,15.3939647467851,22.3981754590834,41.7768315831783,37.5183282268064,45.9811662641101,27.6753023312475,37.4492336615665,20.6041053528132,18.1112236492425,20.4486073969581,41.2412947976793,22.9514033082576,20.1219841337033,0,31.2464127555811,22.5632520879971,25.9199353051923,29.8280396634224,24.1906697326982,39.0974107599027,12.5827122659539,12.6457554831099,34.3954106639078,23.5219241168764,44.3141493545429,24.6708059589173,33.7195666516033,18.5491669628653,22.6836291688844,24.7890272419916,16.4064381791179,33.3780858101741,26.9849987978926,23.9888387266674,37.6980145622993,29.0062446149151,29.0258705161709,19.7937223638775,23.2921892607481,22.1664391865445,33.0494233365247,16.9284358210498,25.9376153711197,39.8937110064796,12.1731245729131,18.8787014122981,44.2969596176948,16.106643830827,22.8547314875527,19.9160799412464,26.9950173638352,44.9234862138328,22.7589406243836,52.6791095678021,20.662518660533,25.1847675913389,43.124329746702,15.8844232010798,15.4595154849198,17.0966662128918,28.1370112513608,24.3760264595608,39.2552519625306,20.2207611111511,23.8077892720846,31.6735032769004
"25",27.4193694155165,38.4604962500713,25.7706451011516,28.4373635519082,32.0698686394007,22.3449416817348,34.0828896254308,20.660066870953,23.1985560593242,36.5240960494622,22.753888665312,36.8891378230243,37.1805226184478,39.9621307858581,20.1792167263351,42.1081713367172,31.3989665959507,26.5947187984721,38.5903925282156,31.9195253792632,20.8537586054926,31.8273660400454,34.4680546178581,31.2464127555811,0,20.2694914166379,32.1352685640381,34.4658237233619,40.5414596543957,46.7647067335175,27.0999558349417,25.1424382887131,38.352544323921,37.7392230243943,42.3238838553608,32.0183623220674,42.0962412107182,24.8418885091053,37.5560747966775,23.5996306695764,22.4108248091647,33.4682034036732,27.818144844282,35.8911710611325,34.2589584404239,24.8446785820539,42.5712782972947,24.0474932287222,42.6651136181688,26.0362943138968,21.7493727601248,33.5927965860672,43.1971697031131,22.4047005537518,32.7427305680481,33.1583638316284,40.4061288846656,24.26769479384,26.4042030273697,33.5252027553048,31.7651976336478,46.1683836123576,35.9041237603085,55.3593657399545,37.7230366827003,29.7403291574356,24.2491443034988,20.8812221353043,30.362632491179,30.4393593085819,27.1774849088485,25.347823054674,38.3721658636639,39.7148323871889,37.5256963532049,39.3754752393028
"26",16.6148102370728,26.7340721044286,17.5427031375175,20.7589957990154,22.7676766193441,21.6381062984088,25.4108533267925,21.3363947107565,18.9077041236575,23.5437163311146,13.4373202565346,29.1560134230688,31.2113594542906,32.1570598761072,27.584846835134,33.7313337449311,27.0930147284133,17.5072558216105,25.1331838177996,19.8915834394106,30.9436366494217,22.0107878577334,24.1662862493162,22.5632520879971,20.2694914166379,0,27.2096898589225,29.1148603216932,25.2782550063792,42.5854134249581,16.8338175918353,19.9650190974831,28.0551004824102,27.0424164920687,37.4250661567626,26.766371869914,30.6757234937599,15.9775892853954,25.7428367687832,22.4795610102229,15.858515271496,24.7158635226805,22.6244204451936,28.0325541726557,27.7375029887315,17.2652258047622,32.2825054513774,11.9862532628177,32.0643545491598,15.7601913633057,18.9154407048948,23.1415260480287,30.9756350498665,27.1610725609521,21.7952278578012,19.2336129860472,35.8678905172132,15.5041351110089,20.8932880376365,22.7234912928202,21.5689654140231,40.2695441420936,22.6564799689172,51.3897765873037,27.7557025667341,19.1924874225756,27.3946218296812,16.5692780431917,16.2547089006778,19.5678923697224,18.3729576435669,18.3716639174376,31.8321293080194,26.1401025074053,29.8717900552132,27.7044643295735
"27",30.0516632354603,37.638338884401,20.0617969321245,23.9860098130654,24.6333179821666,32.2055773394479,30.1889463948177,34.1021338552326,39.1152043955806,30.990926352498,21.7296590322029,25.8325215126315,36.7648794911298,33.4815686696171,36.3830821962183,25.6036584569164,27.7718419348084,32.7141027908625,26.9316430624409,33.3963254479357,37.8047504518523,27.0639313138232,23.3412242931,25.9199353051923,32.1352685640381,27.2096898589225,0,27.6652957293984,43.9179244804182,24.1859471390922,27.05574880444,29.7036837294268,36.9843411373309,31.5378804704239,32.9898345463853,15.3789810367396,47.2886502159021,29.9121904306364,33.5681806928003,24.820309518123,27.8671779406191,31.6321898755076,25.2646879515854,21.3637077371962,29.1167394114552,28.5365377094611,32.2522511484497,21.4449365761981,36.2141694150619,26.3784074339074,28.0003052047166,32.3789716911532,32.8011151616882,34.6649621534201,29.5029464969323,28.4466041568495,27.4088832977756,16.7039969325088,19.9922126881381,26.9902206200611,40.5727005493498,30.2481725124832,37.1724938481985,55.3822525004389,43.3235936272486,28.660909286198,35.8636990874093,24.6460671762083,26.1493256981823,31.6223764712213,42.0861408824733,22.5040074001789,29.8438551219153,36.7396180721032,17.4218079290967,38.7251148644758
"28",29.0743045516902,29.5565079678788,24.5342877178454,21.5046341593847,26.2559562912095,21.2275320207165,23.4322125509041,27.0101507829943,42.2411751164,32.7496561334339,20.7779642830463,30.8441555296296,35.5436706886621,31.6555590415885,26.3275713874568,28.2861826771061,23.9851650484197,34.6474297124699,26.5979420458076,34.7053540460501,33.9181812347028,25.8579491082111,22.5571689385073,29.8280396634224,34.4658237233619,29.1148603216932,27.6652957293984,0,43.1508501944844,19.4355331042546,29.516781822803,32.8870397098602,24.7939097851843,25.5777963767405,36.7533303165314,24.8261510714289,45.3957144632517,30.549951058819,25.915820771972,35.5236954859246,27.9205399114971,22.7081073037714,30.4889063440171,25.4746103619337,23.7583605061396,27.2844490977881,28.6737405657087,25.619392269668,34.5226239265198,30.6124538980519,29.9359049779979,36.1891212893087,30.9587280033476,30.8545026989446,32.0267523360035,28.4196774328545,33.5241658330419,25.1460488291763,22.5414462213389,20.2286135029695,42.4717223563392,37.6880303668082,33.5352073949625,50.3953323724317,44.9561486077589,31.4511676022782,32.7786697755947,27.3563562183492,27.4130594124399,34.4595596199048,43.8367312292098,22.6615935377436,29.1183965708797,37.3854854351835,27.7491307846117,31.3733201277491
"29",29.6206671435159,25.3427888604632,25.7740881292545,29.3438598196457,20.2229689982312,39.3474221324424,36.7350181336006,35.3994308958861,35.834954662878,13.6486723440505,28.4785226295444,25.8452231657099,51.0260145653094,36.3784104504491,42.6323659238172,42.542233318084,38.9984663196311,18.1427804547611,29.8951378820468,18.3229150552721,51.8167344170078,24.5136209630604,29.9956958021396,24.1906697326982,40.5414596543957,25.2782550063792,43.9179244804182,43.1508501944844,0,56.3708014902029,24.2988337164774,33.6628438228087,36.719301632536,24.2280362760806,44.7005245355941,41.2333358947164,20.2258727074943,30.3124833516872,34.7904114060335,42.2278374743041,24.9718900093114,38.1489055427008,27.1689245307476,30.5492307430558,39.7075173730226,37.3638560567121,43.6648748433055,24.7804578773878,27.3416494355297,36.8193062656798,39.922498145083,26.443041195889,28.7776079907602,49.3361471968536,22.1184055959509,18.5119337806986,40.7769664855722,31.133447716785,38.084958725217,34.4301469604251,38.025841893632,40.995765079963,17.2952708002164,57.0389803322254,21.8220699516461,25.5781552379583,48.2791379704349,26.9667419543539,22.4879679706494,22.6425893546375,21.7623629981245,36.8337387087853,39.2692231280702,8.18726550692151,39.4897765456645,36.8167746543975
"30",42.0411219434116,42.6641151212851,34.5648429633906,34.894102713496,37.9925904958461,38.017370986582,29.2504411559879,42.1637784949049,55.2431587558055,44.9101591895075,31.1543682277086,41.2218488520829,42.0960528840041,38.3965533282834,43.0862801549556,30.4932367545903,37.2227024550168,48.3537848553757,26.8444527483398,48.3289419843295,45.4777331599581,34.4426597071468,28.2386484929483,39.0974107599027,46.7647067335175,42.5854134249581,24.1859471390922,19.4355331042546,56.3708014902029,0,41.4810355849975,43.9099577887564,32.1169411645784,33.6313137486661,46.9695058008948,21.7588629461815,59.2110023230846,43.9050501811195,26.5663870767543,41.4261943361009,41.4526016449102,31.8382900866332,41.9237631032589,33.4929279340399,35.4947810580314,40.6195140366832,21.3117631312673,33.8028723360772,45.0516831031186,40.8880690008888,36.6172724569115,48.3878593280359,30.0825120280991,43.8416853011103,41.8854673986357,40.333526510945,44.0079898492795,29.9372665776391,25.6314070045196,23.1666825427503,55.8083439981993,42.4921123453403,47.1888622360027,56.7318053489631,57.5124223131208,43.2848430664729,47.267708254133,40.9854389612519,37.945377296142,47.1207897432576,57.6463753395848,30.7525381277672,37.2554333275665,49.4731958903758,28.2622621473252,37.751821259681
"31",27.8581852098542,25.6393921427473,10.8740847823663,26.5291096990213,11.3688591068092,34.4256355686798,33.7176987010549,32.5341238596033,20.7454265257733,22.343422001759,13.697039418823,14.2560776048098,44.046249667613,41.1371623495252,38.4539623128459,27.9781171787937,37.8445585248563,22.8075583214444,18.4466421037495,23.1935171028792,41.6455282674794,19.0674334812024,21.9896579951543,12.5827122659539,27.0999558349417,16.8338175918353,27.05574880444,29.516781822803,24.2988337164774,41.4810355849975,0,12.6582206932299,37.0596449400844,23.8186740473704,47.1325112039301,26.7406705020417,27.9876130168192,20.1830304376237,23.1877902866632,19.9414810538097,16.2126466849053,35.3759483264224,15.5870012111941,15.0846722503505,37.8151926857321,28.4586372879759,31.4204659748771,15.8230518204176,19.3114059363456,26.9977216580478,27.9473732181377,15.9928555609488,26.7759993673457,40.8955186578152,12.3029470476025,20.9033278184625,45.3505884206024,16.3307961408015,23.5602006508459,24.5807912138456,28.2927416106672,47.6795890178086,21.3438155389266,56.4135056267764,18.4553100406931,13.8061816606902,41.0337832358346,13.6951523796218,19.897393834848,21.631569138903,21.1182176465859,26.9115907762,41.2859091029326,20.8212845204309,24.5777735679798,36.6315083782375
