"","V1","V2","V3","V4","V5","V6","V7","V8","V9","V10","V11","V12","V13","V14","V15","V16","V17","V18","V19","V20","V21","V22","V23","V24","V25","V26","V27","V28","V29","V30","V31","V32","V33","V34","V35","V36","V37","V38","V39","V40","V41","V42","V43","V44","V45","V46","V47","V48","V49","V50","V51","V52","V53","V54","V55","V56","V57","V58","V59","V60","V61","V62","V63","V64","V65","V66","V67","V68","V69","V70","V71","V72","V73","V74","V75","V76","V77","V78","V79","V80","V81","V82","V83","V84","V85","V86","V87","V88","V89","V90","V91","V92","V93","V94","V95","V96","V97","V98","V99","V100","V101","V102","V103","V104","V105","V106","V107","V108","V109","V110","V111","V112","V113","V114"
"1",0,55.4934834104061,20.7968648217604,29.0440903028632,33.027129174538,23.207581242121,34.123365170834,21.8670105559184,17.6476239360612,37.3960166196956,41.3363319101872,31.4282130065488,42.6078707464337,40.0832390910078,27.5817670721619,28.7281613948698,30.2212384298834,18.7582073223898,81.3814724734758,59.9621043213029,19.3095058965328,18.4431793510636,31.612730099862,21.9268303224202,21.4171267037816,24.5446416019765,14.600128043713,27.7095443386258,26.7566528488669,27.873571879108,22.0569528408458,27.3077200349569,19.4568546515451,41.4164115792622,46.6067368549844,21.6362001006539,56.1870275255176,22.5562264246366,23.4556368355467,18.4602674086994,59.3245289427361,39.2634206217171,15.0615607729547,28.9078589554058,22.085022618018,50.4792743249986,40.4333653274761,29.1113023035954,11.1308435975259,67.2594713461899,10.8442260401938,42.9565770788544,61.5437405992027,16.9619570038378,15.0949830354675,56.4875267637431,17.4730277219511,55.0072390640265,51.4617962989634,31.2133335636076,48.0925791038708,24.3958095083745,51.3170097945352,17.1839821868109,20.3455653416721,32.6420121997999,58.549082990994,16.1263190943436,48.9790937452693,28.8097242081981,13.583351719269,76.7890921868393,47.7866103236381,44.7455170272382,64.5737830048858,19.3332694026386,18.4466179218794,64.7772717243316,22.8785173356893,18.1968292539306,30.064941441202,26.1094106298314,20.609515743953,19.1985020968426,30.1086367689189,19.1814061779575,19.285465795918,18.3463816498923,42.8393887125416,31.1369476306911,38.1709047754039,25.2971882688432,37.5589964380947,29.5398671809133,50.9077721154185,26.2413844783386,70.3299023615254,28.4016653298809,22.9153319142178,29.3235308458471,28.7825363611425,45.7960068210332,63.3933038275706,21.4703812793144,39.5312198877421,54.6702751957355,21.1591043080114,40.1495959998806,30.6085663169195,21.4761203268076,15.9282348336244,32.0199229916416,77.181641212232,26.9470352956498
"2",55.4934834104061,0,54.2295898722248,56.7373414928012,35.625257755287,44.0661828395509,39.7277752049602,38.6498221079586,54.8837706366084,48.2919122629948,22.8591631723107,58.1442432479054,30.0872602802867,41.9836693231459,34.5192674936359,40.825664650902,62.3335262078036,58.9410512453637,46.6710140413896,37.9499058905685,54.1218509550518,55.1719516050059,47.7783329940931,41.3682228132523,49.8748390520656,56.3200122265883,61.0412239609461,42.8794079633945,42.6420680071283,46.6010562999595,62.4475204535545,36.1264715371255,54.1620197227678,26.0232724353321,28.5285862376915,57.18662266937,25.245367872245,48.272984896809,56.1584887029613,52.9242474819669,28.0549949140677,25.8456816971015,43.9868917271406,47.6371870776701,62.4446270538288,30.7951769901721,46.8050648745409,39.7805523413098,46.8183366059512,33.3670195999516,55.3041944409649,61.8217027182493,27.9782079186392,60.8383000597068,49.4831790213959,30.3102117245737,44.786264769261,34.5974826689487,17.4258072205474,37.280663694193,25.5224114195988,55.2400742080451,26.2056424398099,45.5568526212937,44.8447324118745,39.0006278756315,34.5440410724857,54.2391769244631,30.6557693994261,38.1396043641875,52.1854355675807,70.1411128210942,45.455800320137,23.2679718968287,61.0759748566014,42.8831813513982,48.3788681268943,19.9163583266921,45.1709828173609,43.4748049117744,36.3551098763783,46.8985849198553,46.5155699449246,44.4818895501315,42.2244188721837,61.7517864353826,44.277852677917,44.1265091616522,41.2544825218399,41.0395525140517,45.7542688054704,45.2587956164759,24.3552860824552,82.7220529834484,28.9267789533537,33.3043897042726,40.3844214502355,31.2325762354721,57.4206026680661,44.8254566507833,46.6377902221337,16.8197747385766,61.0653243774796,37.5127499278412,24.0417969209182,20.9596158539324,46.4759149001165,25.7567159568091,41.5061886068786,38.5830693376042,53.9755040673532,31.2686550780576,33.8753031991006,44.7050725312162
"3",20.7968648217604,54.2295898722248,0,18.5498950368803,29.001041095588,32.8357826283082,26.284482008336,25.3131804173373,23.608257916328,26.0070368223099,38.5734070329422,32.4985083690902,48.0756459030303,26.1413334752581,35.1037490765494,24.751009314436,28.1851214842401,29.1176623589089,81.913308037836,64.2671473652792,26.5266478304974,21.1760307229105,36.7855395196816,28.1360484799854,27.0222712549557,16.0217638314802,27.1264357498779,14.4083690313204,40.7904548642505,29.4189125850686,16.1932022345252,33.5152807903896,18.93279409762,46.4318610900025,33.6648608491879,18.274264152314,53.6186779972092,22.1358102889227,19.3049087636859,17.350038923966,50.5905160957969,37.1468640293355,18.7192371291803,13.3925415316797,37.1571691399544,47.9122143023223,39.3288196128376,20.0252834936309,16.6689101372728,63.8571715464833,23.6658989725141,27.473522112561,62.1896775980845,23.7038694396142,21.0287476511437,59.4081288056897,26.3861395024569,54.4239735409371,50.1811084443183,34.4769502014778,49.9745026165952,32.8255313302711,58.5435259015225,18.1869501867645,20.8321911934751,35.8229817820903,50.7672453156975,12.8813451584078,52.4205701440817,26.1945029179698,25.0717082841311,76.827047122638,48.830811905194,38.3499770532681,62.245933770714,25.1017168874607,18.4989059944789,55.1211802152043,19.1036788709376,28.7728008463018,20.7445863787454,31.2778212774347,13.0036253014385,20.9731772831596,27.8647884451306,24.4020461184487,20.4802868217017,17.1207307888686,46.6939061850657,36.7424592995324,42.1438211625507,14.8845658361177,35.3004652078523,39.2047002058405,48.6203578702258,29.4320096538361,69.8502821770491,32.018850611069,15.4054972685477,33.851755236995,32.4965611350158,46.8355593972323,63.5064201512498,22.3192151244885,39.5194734347469,50.8030489373996,17.2883248611677,40.0648823752958,39.590432377075,22.7970590716415,21.2607119430086,34.5581084057343,64.2577823834746,29.4782808532803
"4",29.0440903028632,56.7373414928012,18.5498950368803,0,30.9248140575754,38.8321303700757,33.9811030647525,28.4429414422853,26.6873612421988,42.094206122853,43.8107947690321,24.9967182425185,50.3839311622902,39.7656853184122,43.7787926024177,36.6683465186571,23.2200677486943,29.1371432587235,85.7125063794388,61.8336680086554,25.7256813226288,31.620103429442,39.8626207544154,34.1162774510621,31.5406661778909,29.2933248622249,24.340176222228,21.284244346776,48.6690100884776,27.2473104694661,26.5851097368802,39.6281836963984,24.6140252341473,47.9102641233044,46.1994776228849,23.1150506328899,54.8117969568685,34.4525348066883,26.3685993720998,21.2108456812174,59.5037191296838,44.5936998434727,27.3327647887891,29.7975674302412,40.1710894435148,54.7039683376507,31.3928812479555,22.4397908531416,22.491414929516,66.9733687348059,27.3933752633345,43.6033221749706,68.1775271795377,29.6482645790537,31.134641631372,58.7775052177638,32.5197310725819,55.0528007027428,58.6867632272673,44.397177437869,53.0138413286441,38.4875488121356,63.638293184054,24.5653240238662,30.247311672536,34.2765984281298,59.4238307789589,18.8493292582652,50.1686263794007,32.7238930201189,31.85562895007,87.4431032492448,59.948522826016,42.1253346027083,75.7247908775565,30.3099901642068,30.2578166324764,59.6571419165016,17.958237154703,36.7904698093235,30.0363289442782,40.0933119088516,22.8692579168345,24.6843555339466,34.5483711998689,29.0865842935305,23.5755229223935,25.7942695391173,45.4340131880869,44.3717235366691,40.0800758597443,25.2666442913282,40.9383210387408,39.7789889759695,52.8863583493329,38.4924162718804,74.1250429265517,35.8865086409831,17.3504781208709,44.1138400368846,30.4152177050255,50.4450768403356,75.7327863110783,25.9367805955608,43.061476049019,56.7826614273017,17.8640139683068,43.9456213602436,48.9343196592484,28.8275352302093,31.189291235663,44.4960971899557,72.2127314299507,40.6116604119361
"5",33.027129174538,35.625257755287,29.001041095588,30.9248140575754,0,23.8686739546834,34.8926317412354,16.2513555554838,37.1519599605529,31.8387229531843,23.4422213677501,30.7785818875772,22.3195004275828,33.216903352251,23.6880918060886,24.6127293773575,36.729797672913,34.4962722589277,61.880059536751,38.4588169916229,30.5574305654411,29.8928133429509,27.1076217761647,26.3817108450531,28.6129330954376,33.462436555321,30.9708761469144,28.4617915064604,25.9649409412678,20.5482079342874,39.3363273596103,15.1183200805574,37.4928753258545,29.6041861504809,36.2338631693976,35.7946086310772,36.0905174350154,32.0869999014813,36.317696910874,28.8185003910273,39.7902517888458,25.2260299564965,24.9139642301198,27.1994344520747,40.7895829983957,37.4554893874567,27.3499603189648,23.6788029988895,24.6313888719649,44.2996688864112,30.6961083395667,46.2038917578116,42.2029758983518,35.3317182344984,25.83136043199,35.3841557545328,29.2945921127579,37.3742133895043,38.237802435091,27.9129963653095,25.6125083420474,31.9004021846352,40.2982339201993,23.8306509683948,21.7999577992302,23.3358219042126,39.9461556247898,27.7234952721654,29.339294773351,24.7237022235797,24.641858887971,69.8226114737119,43.85906888276,24.8310597281184,60.4493687698321,20.3764992159475,35.6268458036157,37.8419556272811,19.5553823743053,23.8598719250042,24.4300235521289,22.8226946076653,26.0967691946739,28.7339394469294,24.2229041759564,34.4547880194529,28.8403861032793,19.0877636639262,22.4991127238056,31.2771423043054,23.30011565476,32.5233013599212,20.2498645349081,55.1912520178304,28.7457423235143,20.7957356770685,54.0728889929593,19.572638581778,32.4740761483706,30.0490210154915,23.7750331151883,28.3050682669725,59.5461363238375,19.4631332781901,23.8196141262965,30.1289015962281,20.9525101265033,22.7906666061444,32.993481308145,24.6395119296748,25.7459879030676,23.8325929152687,53.1675140824516,25.5928409820716
"6",23.207581242121,44.0661828395509,32.8357826283082,38.8321303700757,23.8686739546834,0,35.7384382601204,23.9000989004826,24.0519352345184,46.1722688353287,34.8320071881779,38.0412897290373,31.7903972470714,43.7495159695781,38.9011684828782,40.043419541046,34.8648337819614,26.6437643751622,65.757110495535,50.2502062548529,23.6126131370665,36.3623726338264,31.1829123247947,25.0346007941531,23.6602651416489,38.449311633468,27.8307820909891,29.7599451594668,15.4162305957176,29.3842079331661,39.337741878412,28.097456714309,27.5375975714463,31.583363357838,48.5087259928782,36.1972311587226,44.7338348778994,40.3810201460781,36.6581788233539,33.8030048398602,56.2543487744529,41.2550535945636,21.2586069859604,36.7276881033283,25.0404973206552,47.9344799994841,28.3992259675918,28.4947503878835,24.7487290818809,54.6060949453973,27.6172367232879,50.39371844533,46.5985143465011,34.4534920860646,26.273677559041,49.2665495315925,20.1042585836127,41.6597681362272,47.1361010921787,46.3093374479864,42.2189454074011,21.8888839026401,41.7236817762868,30.8447994169507,29.5704189147387,24.412859706535,58.2747915691102,30.4408573496865,40.0898170661346,34.6175373660384,28.3509982901688,88.5438022629417,62.7749516535771,37.0913758473349,78.9986732675682,21.8589588933496,33.3371716266152,54.6969584349523,27.4685673195224,29.9543188717531,29.2133460404926,25.782155603189,28.0225210752431,25.9301423163604,34.1898204894134,32.2321744526757,29.7597781474718,23.0276057949905,36.4524050084189,24.0019847459718,30.5742131048183,29.7210178092387,29.8332044552892,48.5721039246007,44.5065282797862,27.0942351035404,66.1180529666449,28.7617508231967,37.92452544765,45.9656228247492,29.8829546938624,38.8546921003194,78.5512180247583,22.5700971439335,39.8061015250396,41.6983787933461,29.9945923718429,36.4716097442107,43.7096696111485,25.9200677884783,28.6919550782972,41.3333128670306,70.9271948601499,41.7600106321498
"7",34.123365170834,39.7277752049602,26.284482008336,33.9811030647525,34.8926317412354,35.7384382601204,0,32.5597709164809,37.451054871857,29.7680398531852,39.6984641195536,38.8176465091246,52.0391292031202,17.6069436019667,30.3567745821665,31.6088197669773,45.0943944606665,42.9568970729404,69.6022475947985,71.8132219725645,39.7916733827152,30.1656001710302,34.6906408163541,27.2747759275649,28.4580594574996,28.8991495750595,43.1704229810548,19.0023750785147,36.4713734994534,25.4255955324197,32.5674594688475,37.2925864238005,31.2417835714079,38.8654673102906,25.3925756493333,33.5907943968868,30.4632443556497,27.9398116888951,26.0357959627993,28.8178992700226,39.9959828650874,38.3436831350407,22.4899743280433,20.6899390339828,46.6889922803134,29.4371681828139,29.8787946905431,25.5646607258431,29.552631720426,42.1070035417269,38.7568276918914,30.1268683401211,49.2673842984922,35.1380363908608,26.5493325956534,65.315151206202,29.3822822984417,44.6200594607955,37.1556939483458,40.1751560823364,53.860810938894,40.9050088403875,45.6766040065571,23.5727040385496,29.3654043628767,43.749397993462,45.5970720073211,29.6763398556021,59.2004191504981,28.817983656171,37.8601037520172,77.4966723978689,51.89378428204,40.6898732959778,66.5575997865371,33.8201447930498,23.7747727107885,41.7759953944041,29.429128138855,32.2139057583809,21.9511685164205,30.4725440510455,26.9271795201189,22.6148384751705,33.991189116443,39.8304810393466,22.4577108519862,24.8079519840785,54.5012573365177,30.9661628222169,50.3759320527948,20.0348582780789,26.0103223212073,58.5480838206827,44.9791633005956,28.4642024873323,51.8816401444402,28.0729197163253,33.17630395851,39.8182467126984,40.7549434443143,40.6410705468529,67.4314864075911,23.3408610998666,43.8638308601902,42.705188670459,25.804452082349,26.3808771985407,36.9962028552983,20.6705025040972,30.9197605476193,32.9082898125737,50.2287943151847,35.3167492751004
"8",21.8670105559184,38.6498221079586,25.3131804173373,28.4429414422853,16.2513555554838,23.9000989004826,32.5597709164809,0,29.2098687427536,34.6006566254108,30.3375921693482,31.0746123880286,26.5535692480486,36.4861739942671,20.2222072306575,22.3902320033088,31.3952035121723,22.6178732745136,66.6994102356676,44.6245550574107,26.300040559014,23.8831289632263,29.9409477322261,22.9616686107567,20.0771721435797,29.7092407674198,25.9713015139575,24.2329767051649,24.2261965831991,21.4692658695483,34.0611985771123,15.9516063340914,29.2449644766271,30.5784958616155,40.4409859667304,30.795472974615,39.9500664249351,26.0429220188433,31.8695335562099,22.4369181771188,45.8731288783558,31.8738029494539,18.9150094907265,27.6539447937863,27.6111198295305,44.7431313312819,27.7729204142871,17.4374218738997,16.7271632124599,48.9280037826231,20.9005636919422,45.2390816734887,45.90015430436,27.4319201059336,22.5001577054557,40.8710497231543,20.5046122916941,46.8661635837202,41.906613830736,23.7775808457575,29.7428824134028,31.0923604573462,40.6645395440382,18.7768291362072,17.1455935866737,20.5985137490309,44.5384080715817,23.6420505523602,33.859604128416,25.6996625994788,17.5517026544507,67.0170007564044,40.4067129094656,30.1249362868409,58.5154810241212,16.6184199958154,29.5018171107782,47.5608082991079,20.2440174544105,13.7178301998282,24.680752768662,22.874435950807,19.2210206574799,20.641672094567,27.0714631087356,31.8974861905005,20.9610602943614,14.7302560154765,28.0157829051422,26.5209128506307,24.2227031702172,27.530585892662,30.1767224345072,48.568743019727,33.0953775826235,23.1891689181613,54.877856088558,15.5285812415433,27.3593502527745,22.8694831144923,19.4751004584282,29.7494362458284,56.1911789063639,14.1219761063482,26.2163430626489,37.6518529425868,18.1583517895868,30.1200144384139,26.4595269166267,19.3327568778943,25.6528230448235,28.0761645818899,62.5171521493448,25.4246995862619
"9",17.6476239360612,54.8837706366084,23.608257916328,26.6873612421988,37.1519599605529,24.0519352345184,37.451054871857,29.2098687427536,0,44.9658024387553,46.2333087237922,29.6539848257403,52.6555795507183,45.0053177858427,36.633519699971,38.5821486625502,28.2032210061817,31.0434723640878,79.6533495336172,72.2538186252108,15.9209294877383,31.3520990034046,33.3334111943029,24.0590069733458,21.5952571167556,32.102587764832,21.572666958904,27.2668853069442,26.3070863899738,27.4949803794527,29.1817368467157,37.4045431968931,11.3004965245966,43.6437521119953,51.1764725362798,22.6583567448068,53.9503567409024,35.2521874492993,25.9709555415673,22.0226396481567,61.3523430703283,45.9033664562068,20.3986295565223,34.6899352558288,32.3039119454789,52.5774722436467,37.6326040639878,27.3883095970087,17.0363025214853,64.5244921640833,20.3128341975754,48.6692127385654,58.7524338229748,22.8777880265303,20.0697887505425,67.5761269018953,12.9985991869572,55.8407579132572,52.9525497112152,45.5468577934669,56.8018736544987,15.1865924976709,49.678684516256,23.7778605226814,26.6085464658065,43.7204845957854,62.332180598862,18.4305486915039,59.9944122154919,36.0673630033016,24.7009293735572,87.8080262489824,60.5121838206797,48.6402415378002,77.1582644697543,30.9697285222394,28.2494463474433,63.3315651721569,24.2864100687945,27.3653836086483,31.6903320280929,25.4825181914503,20.7286182475824,19.008954041504,39.3202454291969,18.5488172439878,23.2844745575468,21.2411261797897,55.1877455573958,28.2359694947499,50.289852272475,26.7535222097701,36.9613691537372,35.7946900141363,53.611484530652,30.8071154130454,70.9934734782802,31.9603610556639,25.8149432854846,44.5627108152884,40.963617482901,48.4185146675959,76.2950361643248,21.1962750110632,48.2861338345913,53.9195716754474,26.568965897937,40.2970708798279,40.6507367015361,23.6657791053531,24.3485848926576,40.5595362306783,77.9359447504777,40.0405351057143
"10",37.3960166196956,48.2919122629948,26.0070368223099,42.094206122853,31.8387229531843,46.1722688353287,29.7680398531852,34.6006566254108,44.9658024387553,0,36.2312739311979,47.8009287701511,46.1500300196651,24.7066157003252,34.7960191460972,23.3035712893228,49.2348036745321,46.2947592521231,79.567158550569,60.1011618957426,47.6422951434339,27.5746393715415,37.3686197000662,31.1800856164429,32.9236396678207,19.0306938651022,48.2031415033507,26.6736446511607,45.8082096322385,31.6334590616454,25.3016020003007,35.7927017652489,39.2193739746825,45.1513843047234,24.6202184715993,39.1582585159103,47.3607109036583,19.9701900188547,26.6714862978863,32.0927773023724,43.3697175460688,29.7024643127248,33.0904835417836,22.4232676689401,50.1153086249039,39.5127402017647,40.8234777396552,31.978097135131,35.5777176594233,57.0385279261403,43.2459930392238,33.9757643745807,60.6262041582324,34.0003618773316,28.7819424303379,54.6780907332301,36.0320426266866,48.2818771879244,48.025129464491,28.5647723462419,46.3949111723499,52.0134532898422,57.5249774083552,25.6967409597693,33.227376049747,38.5534812183737,40.8303584510767,33.4506909278245,49.106567458503,25.7348812720897,42.5763858846725,59.4608216648072,31.7900772787589,33.4273273868646,40.3970433417052,33.4682509060596,25.1867349617873,44.9870593114297,38.3570439176629,37.3438007487052,28.0995149494364,37.9480744205966,30.0175296256313,29.295484977162,24.7884588974504,46.226134666943,30.4597942059971,28.9086470730245,42.8154803253641,42.1597185667471,39.2733792118572,28.511202774135,29.5224911527827,58.3457991876154,43.5113259283761,30.1999287723788,62.7215156571057,30.3556942255284,32.0638625927064,32.3857494395137,33.2272600470049,42.1400335553633,43.1849908844826,28.912760098874,34.655389876754,48.8434018807269,29.7062444692928,32.8842357659794,40.0653039991055,26.4785797704953,33.7613095714465,30.0285389834166,51.5090865068752,31.0996474032289
"11",41.3363319101872,22.8591631723107,38.5734070329422,43.8107947690321,23.4422213677501,34.8320071881779,39.6984641195536,30.3375921693482,46.2333087237922,36.2312739311979,0,44.7749470632006,22.7532201043541,31.5318646586391,30.6025472181712,31.7150290565669,48.7808656782236,45.2772547654937,57.5302817847225,32.6438073109278,43.8788730806868,39.0711566909338,34.672022504183,32.5784689872353,37.9215649438079,42.5352186978194,45.4995882577168,35.0714693577171,31.681199410878,30.6502435009959,48.4979708325975,24.6782577284627,44.5415981032131,32.2604581874926,25.7808898970018,46.1215747185366,31.3908911597362,40.4401330733572,44.9493507922099,39.7279403569069,33.4523242543017,26.1843077425453,31.5095935753265,34.2124364279125,49.7600958025287,29.3526454315617,35.3927675331818,32.2873635881933,34.1587458458338,38.1368057734555,42.1899496124172,51.2727022936093,31.0035798172029,45.5008045407253,34.1834501336138,29.2995330013774,37.8372211442212,38.3659248975796,21.9627299566789,35.0075602483618,29.4327782936899,43.9008923880873,36.6468636407065,32.3374865497577,31.9988101074359,31.8307865054818,39.9624827355967,38.3573874369162,31.3292353894254,30.2265214239898,40.1399089388885,75.4837229747847,50.5276098740663,23.4016195943053,65.5174368403417,29.3611379718095,42.0180276680618,30.3553001526605,31.6362462018096,33.8521542584798,27.0613212671584,33.5887339070733,36.3145639828596,35.6379049983105,25.7214689207582,45.9665905519972,37.1150852362527,27.7076181814156,26.7088575609087,36.7683928251147,32.7697300542749,38.8061924573618,19.0875316355619,66.5878726123754,31.040186905335,28.8977495700237,48.447564708167,21.9225821766736,44.8252603332982,38.0872023512735,33.0544389069133,22.9092498393126,66.2643941639716,27.56759952275,25.3491489116959,23.1892443080207,32.1995839336268,25.3960176920286,41.0014618028345,30.9709950518882,36.1666381279829,29.7538150204686,42.3677339954735,34.3152651733867
"12",31.4282130065488,58.1442432479054,32.4985083690902,24.9967182425185,30.7785818875772,38.0412897290373,38.8176465091246,31.0746123880286,29.6539848257403,47.8009287701511,44.7749470632006,0,50.3064858586126,45.2358113171624,46.0507110349104,44.3609459552999,38.5346751067134,33.7510561428092,82.8468600632145,62.9504937706002,29.7146664105508,35.9181272005399,30.8106709629793,29.2455621418829,31.3315525039331,38.2536622448482,31.5514885924462,27.1970767287862,47.8460001272576,20.2570638349955,33.2352278182655,39.678269207179,35.5182816308884,47.4039424021463,51.6266394569533,17.2599804566059,55.6506363943597,41.5667628178754,24.5276651557119,21.7613205320898,61.5355142601299,45.9824354642686,30.5759263124261,38.4216959143665,42.4773502934939,56.0311645744535,22.7213087794698,27.8733684401114,30.8055301259238,67.2676722294567,25.8153512851101,50.048722902574,66.7445459099799,34.0750452862438,32.8453602558568,61.0686297935932,36.4644102342906,49.9950366467028,60.0264999456194,50.2005807378319,54.1379424043601,37.1599818371427,63.1408809551484,33.5980445890029,35.9598573732174,36.3434697670763,62.4599598371109,23.7093214463259,52.4643738858898,38.6160807943529,33.464893991424,92.5169163270729,65.4074406160979,43.5427299194563,81.3401534481254,28.6423463732944,37.5586131161959,56.9542803575126,18.3130262980244,38.5690990416856,39.9149435698028,41.7456832789152,25.6834817370954,34.4497586058744,37.4605554734923,38.3597483137843,29.9080169270248,32.4906315613617,47.4061937284615,44.1270576541917,41.3138263455491,33.9997039615119,37.866598750172,42.1488790107467,53.4094887321897,37.6256300052057,77.6234368908901,39.4664181522462,31.0184488588508,49.2045526507799,36.7967013130681,52.6936448638884,80.8131448841481,32.9121182429481,46.6577485369419,54.6443450582985,24.8463035343193,45.2182153800147,51.8947310681626,36.8692849477935,23.981483071282,47.4649381895071,72.6076904654941,44.2579756476462
"13",42.6078707464337,30.0872602802867,48.0756459030303,50.3839311622902,22.3195004275828,31.7903972470714,52.0391292031202,26.5535692480486,52.6555795507183,46.1500300196651,22.7532201043541,50.3064858586126,0,44.3092344740465,36.8630174768482,29.9660962953134,44.1554855700551,38.9799352833098,53.10812713528,22.6580942005528,47.2227674595899,46.3021054072767,36.6659874069306,39.4898811563628,43.317979549246,53.0083994613057,40.4857399540463,46.6181593226945,30.6466335334924,38.8540584237936,58.2177571823078,16.9159923485512,52.7889606539029,27.2134192456448,39.4282329019227,55.2817785269507,39.3235715499897,50.487961599194,56.5935344228922,46.7644236680398,38.347763965283,23.5656720001955,38.2347825310367,43.7854994118445,41.9712912694855,41.1871009358024,39.4154399226713,42.476149460054,38.9101975135552,48.0197339901044,40.4680121533086,63.3340376381797,31.1208287950664,49.1283286094981,43.8321634116325,27.537403497999,44.1255126479342,34.9181477281957,36.8695847562248,25.4810182523859,20.725681673753,47.8025794444548,33.7957902415891,39.9982569574718,39.4968178585177,28.2107441494581,36.9267109567863,46.1139309112191,29.5459757283508,36.7730675264488,39.3617475462023,64.2235410890474,39.6068200660087,24.5247417960386,56.5946038779298,26.1698335386907,53.456069180723,35.5856289624582,37.8473549737951,35.0079433490857,38.7888091968239,36.066602078518,43.4295313593315,44.4764648442589,29.6461500650675,51.313074069205,45.0471199216605,35.3594070792135,22.9129734366326,47.2796371772634,30.7024814120236,51.3324840745321,29.9160432493675,67.3585741708022,20.831749417662,29.8776553155737,46.9006099634591,27.210520247524,49.9639820657035,27.9279549904564,35.6876026218531,25.5402769373361,54.5434378062001,36.9716186926994,22.0701441363784,24.4651625046909,38.9981793383778,32.9971763945623,47.0598072953308,41.4010746981067,39.2044503714665,28.4271000061001,52.0815066678515,30.0428590931944
"14",40.0832390910078,41.9836693231459,26.1413334752581,39.7656853184122,33.216903352251,43.7495159695781,17.6069436019667,36.4861739942671,45.0053177858427,24.7066157003252,31.5318646586391,45.2358113171624,44.3092344740465,0,34.4099146388083,28.6273179052763,51.9618417371692,48.3625783291605,74.5013818474109,56.4320384948185,47.4385710441156,30.9548089290152,35.5594334307753,28.7014479157331,33.8543232660249,25.2333639782584,49.6681935630151,24.710827798947,45.7709265257062,27.3426424660442,28.548728335992,36.3214756368079,38.0979153038555,38.8906254068271,20.9221390736703,38.5524116792843,37.3804332226933,27.0710650258012,24.4136051536476,33.3497938656892,41.1993727501156,27.8109445685759,27.3558705371145,21.7173689605315,52.1618417080751,33.5598983082231,33.6098486932728,33.1835312094935,36.8298606734336,50.8625423122083,45.7802039748831,27.16955327998,57.5889628585216,36.5956167717219,30.1726975098527,50.8420742984465,36.8440180739613,37.9642763246119,45.7157226277274,34.7429091014481,44.0392077121875,49.1352224749387,53.7253969553218,27.3722642710419,36.0820013140856,31.9117373094387,41.3926375280986,34.2753918421629,43.613154656538,19.7825436596749,45.4098729383538,73.7190360744883,47.4811032309969,29.352184158161,62.4202934097826,35.5182275937943,29.0357225454377,39.8009083563361,35.2888508296077,39.4771063442345,27.9209785949461,37.431579196918,31.6473771760931,29.317226330727,19.4502395250517,45.2584393475409,25.7138794532724,31.2445487774564,39.3551531462548,40.1286017448246,35.6920810834037,24.7230427310876,25.9066506329088,61.0328233042713,40.6117559922208,28.9666531698997,57.548182564545,25.713107660452,31.4171418359162,37.491336462879,29.4141323978664,37.5243650198894,63.3192485316136,29.2244389756902,31.1769884102977,46.0387043737139,24.7417632532487,27.3621859862633,41.312150433085,27.8046761848833,28.9789381840939,31.8068048806084,48.2834253903525,35.7930148115496
"15",27.5817670721619,34.5192674936359,35.1037490765494,43.7787926024177,23.6880918060886,38.9011684828782,30.3567745821665,20.2222072306575,36.633519699971,34.7960191460972,30.6025472181712,46.0507110349104,36.8630174768482,34.4099146388083,0,27.9013672450031,38.8337336742888,35.3207351608688,58.7611959375242,56.7868068903548,39.8768491020047,29.4387607584661,29.1633911173679,29.8672380406089,23.3269031569196,35.4734553290532,38.9867010330231,31.587182643808,25.5118453856262,31.0277626983999,38.6012295771833,21.6479732914891,36.245012040174,24.5241264361565,27.6821617764547,40.5929567908109,34.7374193058424,32.6654605458039,38.2701928602566,36.4313672946079,37.9312018500851,24.2557561020734,32.9869876957129,34.5114832301605,36.7912375439923,29.5590530166225,30.8258476619398,28.2090820524353,30.4646784963971,44.7667862100397,31.5310219652259,44.5386038031775,40.9351805632338,36.9037158869026,29.8687222665623,50.4121308155265,29.8835440619028,35.5350408814272,29.9190227899204,25.601945573432,38.7527919789728,45.4215381331767,27.9215074137368,33.2568474456915,23.435722885995,37.3220140891896,37.4916867097722,34.3334218486952,45.6780568421594,32.7918055410396,25.40874381688,52.5366597182226,25.6486240280086,29.4827217981944,41.9514617450273,21.9223085483228,25.1497387838402,45.0151368213916,36.8429004412365,18.8741694123172,32.7907270073834,33.1586038910468,30.4221651232369,30.0353071661059,26.6159628614526,43.8665575435062,34.5617700658528,25.2210539802656,39.54573557824,31.9270729539539,36.8148447854733,33.0196209640695,21.8515515384963,54.4828824728897,32.4049848238119,24.1232365846173,46.6279773182004,18.4879423710986,41.3791886748632,22.2293231647228,35.9068298241264,27.6554001105719,40.6039124757357,26.1151595587267,28.3693081919926,36.3291287261515,33.485418578996,21.4324631210418,24.0793574791839,26.1638849907761,35.7161533324553,21.8062919154447,56.0856924124162,21.0660544240936
"16",28.7281613948698,40.825664650902,24.751009314436,36.6683465186571,24.6127293773575,40.043419541046,31.6088197669773,22.3902320033088,38.5821486625502,23.3035712893228,31.7150290565669,44.3609459552999,29.9660962953134,28.6273179052763,27.9013672450031,0,38.1154723884202,35.942886411127,71.9523787441455,46.7035158450503,40.4214230359676,23.8062240495413,39.6772913589107,32.0514600490613,29.0606794518962,25.1364555184913,38.495976255285,25.9786522562712,31.3511374445625,34.0065583941602,30.9306609983991,19.8786359885754,36.1334953396788,43.7137701036612,28.9214759720996,35.8124093807594,46.0547308499358,23.223095448738,32.4671760489006,26.9630039708841,36.6239036785154,32.5492324989431,31.9721358886398,23.1485192107465,40.5427473977442,44.9748510035361,43.2840981457855,21.3651026028686,27.7411565199046,50.8768881871033,32.026757658756,39.4762794615266,48.9961688437507,27.9014289567356,25.8342432107908,41.0535545434033,29.0194084298224,55.5959270843353,36.2724097615137,20.6499279932938,30.923343319943,45.9219379355985,49.2826463470773,23.691910025523,21.851904163348,34.3053882535943,34.9551042943938,27.8349130031362,37.3865973253256,25.0251071518032,28.6013513648184,54.8869187561256,27.5961152480658,25.2290424884623,40.5568969831734,24.0366776069739,27.8957878327803,43.0286800304253,34.7719088962433,26.0219291201747,27.2273717121904,29.4857903965442,23.0272152941934,25.9678783457438,24.9412944755735,40.9673871598434,29.4156084256071,20.4920755487044,29.2471132189121,34.898670280074,27.5585357772924,30.5755816878339,33.4688019459126,51.9064562279749,35.4269670540323,24.7087966918582,55.8809145726201,21.8829580365481,29.5180027058905,21.4264494021253,28.405087017445,31.6887869216924,40.867816317226,22.1288611534472,25.2502720721772,39.2409016479905,27.3708639613845,34.3718843991529,30.3135308001172,19.3277088989466,32.8365127522156,30.8977843867147,53.2531680586631,28.1825295485276
"17",30.2212384298834,62.3335262078036,28.1851214842401,23.2200677486943,36.729797672913,34.8648337819614,45.0943944606665,31.3952035121723,28.2032210061817,49.2348036745321,48.7808656782236,38.5346751067134,44.1554855700551,51.9618417371692,38.8337336742888,38.1154723884202,0,35.8323196288376,88.436056037506,59.0821262724887,18.745300754611,31.7412949604685,46.0769547297031,39.5711418674373,37.395095776902,33.9517366546673,28.7700908721208,32.6456832037296,36.9135368932405,38.1610076162539,34.3953645075335,32.49163385221,31.38814090589,52.155889626845,57.5088281211416,25.0197085493399,63.9554332964866,35.3856723376313,33.7626913820908,25.1131672849362,67.1925827410986,48.745647094479,30.6645236614025,40.3955201527212,48.5398104630009,60.9805775615888,48.851352015691,32.9319763357855,25.2321996338306,72.9648116969497,24.2924714446096,54.4482259499907,66.8627014602908,38.4082081122954,34.671964932614,59.4247004404411,34.7473179504535,63.495650525455,62.0920645360191,40.9578500655912,51.4772274300826,32.8429876093869,61.3100360008812,31.3393137762764,27.539204553701,36.1177800878997,66.0566541462144,27.1702898666052,50.8398034177902,43.5309086630676,23.7761941546222,85.3216407165722,57.8680430954432,51.0131225521421,74.1659473476924,30.9175963411992,31.7472162481459,69.6893006368936,29.1074597510647,34.5662003128183,38.2344307472533,30.2503825802561,26.4466840764978,32.2580924819075,43.7423705781939,34.6780240413943,33.9737626826225,26.0055405987747,43.8125493317976,35.8643483929288,38.4288227105659,33.8337808352341,44.0891071947172,32.5342880912984,55.5776883112212,37.8235091729317,77.9422914654068,40.9783733882198,25.5187857109187,39.1452648131628,33.1092893019444,53.7907557451411,72.1202380975821,32.7060887713604,47.3040580846784,59.5250194343695,30.0691535365603,47.7829919276487,40.8737861177293,30.1856723875798,31.3348369698604,43.6833970606072,84.1323881261045,35.2272186832364
"18",18.7582073223898,58.9410512453637,29.1176623589089,29.1371432587235,34.4962722589277,26.6437643751622,42.9568970729404,22.6178732745136,31.0434723640878,46.2947592521231,45.2772547654937,33.7510561428092,38.9799352833098,48.3625783291605,35.3207351608688,35.942886411127,35.8323196288376,0,85.5566704986712,44.527622166756,26.7301787306035,28.6821845882434,32.6741477958772,25.2498814115091,25.9651930726048,35.6466930581063,11.0001639183439,33.7068443935615,35.5275801609401,30.4239809968263,35.734084804639,29.4856940839412,30.9073117477033,45.4199217409607,54.2360133980577,32.4572693941599,59.5863374123848,33.9570402270208,34.5406232647586,21.2677149577773,64.7218137624984,43.5726598164859,23.3070506306079,37.8359247282229,13.5221440006561,55.3162432131682,42.5670727230879,31.4587997034716,16.9581232372648,70.2789496871922,15.580822862983,53.7908859399928,65.927657370369,23.2408638872968,23.374661703488,51.0101389333548,24.7996435289221,55.7802936013742,58.2412613009364,37.7284586106294,47.0813444654589,28.7893866267197,56.9940971297419,23.8281972083489,25.4113694431547,27.3261089590486,63.7439930057304,23.0316998350347,41.4825513856891,36.7094980131078,22.4214122195589,83.9900981005872,55.9320843583566,48.2875666074527,73.1418439032511,17.6110102842772,33.7920932046762,67.4810902212356,24.9235344379357,24.7698761139601,35.9930458439766,32.3592560824971,25.7950253402721,25.7254119065185,37.5889426217742,26.6204396393978,26.9048833287657,22.7570953223804,33.8290786546852,37.9386677163237,26.2775347956075,34.6277423357568,39.7487242795538,37.6367676591952,52.9513053797608,32.5972723164308,75.0399570167132,30.8574689014232,28.0740705130125,36.6690815009938,25.693429293028,49.2799558542102,71.3710326939701,24.2265095271728,42.7443704943021,57.8944567336912,24.8579580800542,42.5257989611085,39.1482511103152,27.9600135709008,21.4227786747242,36.8213645640908,81.7095310905879,32.1942574294933
"19",81.3814724734758,46.6710140413896,81.913308037836,85.7125063794388,61.880059536751,65.757110495535,69.6022475947985,66.6994102356676,79.6533495336172,79.567158550569,57.5302817847225,82.8468600632145,53.10812713528,74.5013818474109,58.7611959375242,71.9523787441455,88.436056037506,85.5566704986712,0,60.6870196587739,76.0812870912274,78.3297636164197,73.2073830185413,70.5621790796796,71.177283457961,82.5808086366183,82.238183958313,74.8184715783912,65.8481759629548,71.7919043919256,87.3786664058626,60.1089753551191,84.2532528585205,46.4866918161426,59.8714581431966,82.8900126165152,50.3077380724082,81.5123114300052,82.3756717190847,83.5514607519513,44.1421665013798,56.701751032454,74.1938804166681,81.2804042990455,86.2881775260108,52.9969207171104,61.4895862013782,72.5001365809007,78.8146279857762,47.7958896871732,82.0771142907413,89.1915093179271,32.3808567672762,87.0623879230749,77.527736470857,54.8267169886974,75.7530204155253,46.1884752612138,50.4993706680775,70.835780866479,48.5509488192798,70.6645299224546,35.7679840838531,81.2426990289342,71.0686840293777,68.1345742466901,57.1746008524252,78.7224287440433,68.6070260303993,77.7043363017834,71.0083776494006,72.117142853167,63.8208450455388,53.6372650785784,70.7632133656683,69.414427076825,77.2530076434111,49.6340637077968,73.3967039666253,70.6228805546449,73.3414928096265,69.8164455667444,75.5021366216447,79.3544144015803,69.0354150898202,85.0838287444524,80.2676635137735,71.767368798351,65.7590431886202,65.1513854768821,73.2156204291211,77.3178815343874,58.0774555284339,103.588116535386,46.2311500567917,63.4747684686018,54.535783813461,65.8543089824542,86.6926682969223,74.3021052743285,80.4791680249982,57.5513024922935,62.7276988109087,72.5266045416067,54.7951465701306,35.0747364705462,77.0836036157787,63.8006927529358,70.4951521603285,73.4613211260369,75.4456390224497,65.3720392188025,50.3824355553617,73.2818698655041
"20",59.9621043213029,37.9499058905685,64.2671473652792,61.8336680086554,38.4588169916229,50.2502062548529,71.8132219725645,44.6245550574107,72.2538186252108,60.1011618957426,32.6438073109278,62.9504937706002,22.6580942005528,56.4320384948185,56.7868068903548,46.7035158450503,59.0821262724887,44.527622166756,60.6870196587739,0,66.5642832521295,62.6839333089897,49.5799762167561,57.3345249275113,62.1283009971037,70.2536134066535,53.6338299615023,64.8851033633818,50.0730973822193,53.3626630328271,74.7746648600585,36.4189242647862,72.0229820088081,37.1737587963118,52.7540992747132,71.8323472262145,57.200301417069,68.2043623891372,73.5291362004374,60.1754884166604,45.8978584968409,35.5787715334924,57.0036528660298,58.0483016500547,46.1022018055565,56.2923237576242,57.1903587193282,60.0259934250927,56.6340197036234,66.3885698193048,56.0914518942321,79.8198407675348,46.5984401162132,61.4597624404479,61.9843356208969,15.5911699575124,63.8635163714327,36.8483496951019,47.8526590521424,38.6821985385939,23.6059158256697,66.8657127692688,48.3375901924704,53.8697463357528,59.5603089509288,32.2089564965411,40.5524754360514,62.3044764435223,25.4584347731023,43.9022952015485,58.402390439923,61.2426957869302,46.482414346696,32.4242841171929,57.7863164390082,41.8337316481076,73.2059215810703,49.1915922406108,51.2776992484716,54.7456460020369,58.57449111983,54.0445226532447,60.8787852882724,63.6946867869303,38.6454787819893,68.0557559080151,61.8813378894953,54.6418569620231,21.5379582974439,67.7098202968537,28.5937536148417,70.2922106556088,50.2773229844278,80.0803698636037,31.6626931828105,48.7073007386585,53.0927604146526,44.6629980146224,61.2248424064023,40.6101510799529,33.5358943021089,32.9216809373438,55.268074694668,55.2170183271524,29.0707411951778,38.339997841015,49.0171258234975,51.5197599306467,66.9603582291559,61.5887455758025,52.4432750885319,46.8223385242743,55.9774262039092,45.5494775668192
