"","V1","V2","V3","V4","V5","V6","V7","V8","V9","V10","V11","V12","V13","V14","V15","V16","V17","V18","V19","V20","V21","V22","V23","V24","V25","V26","V27","V28","V29","V30","V31","V32","V33","V34","V35","V36","V37","V38","V39","V40","V41","V42","V43","V44","V45","V46","V47","V48","V49","V50","V51","V52","V53","V54","V55","V56","V57","V58","V59","V60","V61","V62","V63","V64","V65","V66","V67","V68","V69","V70","V71","V72","V73","V74","V75","V76","V77","V78","V79","V80","V81","V82","V83","V84","V85","V86","V87","V88","V89","V90","V91","V92","V93","V94","V95","V96","V97","V98","V99","V100","V101","V102","V103","V104","V105","V106","V107","V108","V109","V110","V111","V112","V113","V114","V115","V116","V117","V118","V119","V120","V121","V122","V123","V124","V125","V126"
"1",0,13.9101194512597,67.7022681782222,38.1316551045789,47.6824788265036,68.7397325546081,108.329944392845,33.5111645249737,79.363906367869,21.3071113290845,21.8353721205982,38.5996974753662,39.4372718617994,72.3811325748218,92.3222595471345,25.1598833682527,63.1420721139834,63.1987022642677,37.1634835102422,35.7869815328471,29.1950750277715,33.4082051549493,53.4879051740574,27.8144163209407,11.5621520180741,40.289471902267,35.4137278642521,60.6432775705466,8.94832011188596,28.1833274857683,88.1437836864719,57.0737605709291,44.2329614472254,8.85899433023477,35.0288443797286,29.7448609735537,22.5109294408399,30.4680825704242,80.5595028079354,52.0375544481895,62.1590304714057,41.1949356139058,68.534142373643,49.0947901778014,56.2950609031056,97.7921479100209,106.498340874744,34.1152751117291,49.0456957690403,32.1696513591306,32.6374395851246,32.1971880012608,33.0675750933566,41.0337683509138,30.6701362459506,80.2305474208405,24.7243338143823,76.1225665742386,43.4091861440029,68.2117056027289,24.642913805605,89.9963242478516,28.7487657020349,43.2308951906355,15.3730520958731,59.1712536377093,58.6762594154674,28.6013576411067,33.292902170826,32.962139207499,22.9269164976484,52.031788711445,34.1229915188596,71.1466342841336,19.2828149082678,42.0352007529685,48.5352265734862,47.3652158769158,17.8649113689231,60.5819082079628,31.8357143942617,62.7577499347626,91.0204634565924,51.7258823759534,22.9197350468828,25.4421291871467,70.688595987239,72.0222944948191,19.4509577512212,44.3066026939873,32.2076308389902,44.8473651273735,21.2470707323769,36.8907805109447,20.8039399155657,58.0679528005769,24.0322344997116,51.7619551098624,34.6810594047639,53.3032513246384,31.5024825513943,53.1523244786751,45.191744141009,43.5595011508921,30.6945955255357,65.7335436141075,28.3641535663993,45.2003687825179,16.4795716457049,55.7900696136217,54.5808318287914,43.6822662758962,128.674173027191,82.2318205202373,34.1540953359333,53.1209759152742,64.3252434444934,32.9118098862676,28.6720187244702,55.4887094280151,63.2542329299813,22.9808465535547,30.4868938269106,85.175959829746,24.6822919876864,38.246508639714
"2",13.9101194512597,0,79.7356136230868,50.0409151272769,58.3704369952287,80.5375764270032,120.333378389283,33.4654112879958,91.4379111462961,32.5421899646431,17.3686953681317,33.4575460112609,51.019974559151,84.4234926203106,104.363420523509,17.5859158920148,75.2528026972631,75.2736141663775,32.0590909408752,23.692269940203,40.939335088701,41.1052687665799,65.4556599443428,13.7982953942742,20.8787620329266,30.8852218478525,25.7566941440795,71.9219516773436,16.1892881403616,40.0577109661589,100.275334048929,69.0405496158541,37.8191127128773,11.932047249642,45.0549099774001,40.0823080713449,20.9920126840015,11.4156888256814,92.6748335096129,64.0175832308135,74.0685789557882,27.9112519801717,61.6738558260826,42.4227925972615,49.1015789255357,109.714156782816,118.040791255726,45.7262932776432,61.0393480678083,20.3349887185897,44.2150282382492,44.040295370542,45.0421580085716,53.0230225648283,41.0637522740666,92.1936982413226,16.6394624941316,88.1926928999386,55.2471092625649,80.2617106421524,20.402027933772,100.904852780155,19.0536187544224,55.1136991271573,26.2343036597645,51.924802962221,70.4581030936929,32.0157468238197,45.085548340056,33.3778360504041,34.1195139857095,64.018324964726,32.8291992912191,82.6280705239967,15.0604257663517,54.0646761910522,53.2209954541995,59.0900141813081,17.6188999526458,53.2272950172933,16.2391627600528,74.7533318271045,102.77540262819,60.0401389447496,30.9417715058998,33.483521531333,82.6466803107834,83.8129217892847,21.2235028659223,55.076901611684,43.5565579503076,38.2663718123843,27.4011425384709,25.4316064001562,9.94704205378733,70.0163537396918,28.2174230100196,63.275730550963,45.2279600636992,65.1193152419608,19.9958858076903,64.0505439488937,54.3935610786677,36.5435608830953,19.8536847904228,77.4592322899967,38.0569749982415,57.112441099885,18.4528250455214,67.6817606194286,65.9197232494153,36.9370125406427,140.630103812251,94.2934734484567,39.7733532623292,65.0783754097553,76.2937058915725,44.5268990951898,40.5099809154341,67.5118886690426,56.1998232555999,20.1340193064496,36.589881577603,97.1692734530704,31.746148875657,50.0738276728316
"3",67.7022681782222,79.7356136230868,0,52.5715211372878,26.2168058125982,20.391328612274,41.6473151665233,68.8589291333894,17.0552425853347,48.9184925558433,87.708389225729,75.4556403119362,31.288013415565,13.2481304546261,25.4315657600218,71.4804708751904,10.1566355941179,17.1774355964257,82.4086365928931,100.856491376814,39.7250281575758,64.667522564964,16.7365794678146,88.9216404701769,59.7214943617209,106.539850094873,102.288336680439,15.5914102610332,66.0274379018456,39.7389141163579,21.3903945996679,37.0455947685405,89.110968426743,68.9303470374619,62.5835289991499,58.5934802242135,63.3223719013407,85.0926276509164,14.765090489673,40.3430626820902,32.1111318546923,105.948516133548,113.149419650181,93.6233240651238,101.189249094592,32.7539929989177,44.1446296345278,35.5765481786342,34.3426162833097,96.2316365273695,57.594847484449,55.9928206283919,54.1494415062603,43.3296611656626,42.9085110969567,18.5508577434753,90.2866065966629,16.0834481198467,28.8467605022803,17.1090597234397,64.2200971102442,32.3520365694569,88.9165698207751,36.895856296473,54.4471983433148,114.771165896354,19.0995461083781,72.0194613676603,46.8488807786532,76.8590735987439,60.8086325199017,45.2555049217609,92.7522796289963,16.39761748753,86.4461879810128,34.4832459548685,36.0308016803052,47.336125119386,84.7717052925263,105.260058789653,77.6014015622716,13.0927805237796,30.018418850654,22.3700064364332,49.2663329039006,67.4519384389703,11.2904711495257,13.8366531304001,62.6493043136687,40.8327507302522,37.5409988131982,92.015188809981,53.1815957556765,99.3226964491011,75.7484476194143,35.2420826182217,52.2291442219701,36.3812713232817,59.8728707609105,37.3493474459778,96.9312708246342,19.1458442036172,32.3773648179941,88.6312544943519,96.4258341105556,10.6438260878569,56.5113149260339,38.612612500091,76.997514006179,17.8250222482318,20.5322056641249,88.1867689869065,61.6472483584683,15.9226100646532,51.2787756078768,37.1697780848664,18.2668227738283,35.6185785460475,39.5106132230036,15.2709018248039,108.314044352988,63.5015551451765,72.2153816946239,23.2138519587609,67.4655100883358,47.9534717375745
"4",38.1316551045789,50.0409151272769,52.5715211372878,0,51.0246506954485,40.3148976321675,90.2001963013905,18.751513412558,63.3770970050989,23.3283748053883,56.4543469364056,25.2467803614316,41.0237822632113,53.2782313699653,71.7108947641125,41.4029077781623,47.3854686035431,36.3126264467795,32.4900620758513,71.388022168458,28.1437083906176,18.9663592421363,48.1377163390713,58.1186893005803,31.8465867483,76.8390185499942,70.325669165999,60.0805282257768,37.3080028837863,28.1091221198394,63.129695630248,20.5007708140197,37.39596518007,39.2275232238649,18.0239076008549,15.8719032465531,31.4939905638551,56.1341905628929,53.0257373496777,15.5156407047419,26.0198534145591,76.332560142088,61.4232183834925,41.3373246597046,49.1559311768114,83.2686802048637,96.052207354436,37.1324928114496,19.4671957016693,66.3941468770684,20.8891123114182,14.2253777693169,15.7699403059061,13.348296248757,32.6685754716048,45.9227537567464,60.1097117318178,60.43004709931,41.3122783502876,38.5456728636309,33.3501772011096,75.6719594418964,58.1164270270868,19.1088971750911,25.2625625798704,72.4480676913732,44.5483292255842,22.6939469198664,18.9116287216448,26.6635716286441,16.7015583278088,15.6665716729663,63.661133362145,60.75061024579,56.0869350264864,20.3790775623382,40.4300631043996,15.4811253879137,54.3728811261717,53.1826635472779,48.4807951219897,42.1474585960944,78.6185013002614,48.2349779065152,24.6038985167883,21.3285421830112,58.5381496637015,63.350031581257,34.7009710004258,14.969734906173,26.1659426808604,44.0295984003801,23.5502187184821,68.1245569993189,45.3370049324423,21.8658802923049,23.0337251590276,20.5245937824272,10.0199006351601,19.9755214031227,67.1255213060304,53.051046265552,35.845985901799,37.6084060446583,67.0944526625711,49.6008661605341,13.1053545594629,16.4933810133934,47.0666374766354,37.2932862400569,54.0875243181591,36.46851309577,106.801682839232,58.9874344222057,18.3641277875962,21.1875139363976,48.3938196440338,32.5804535158149,30.2819307247591,45.1280033539509,56.1620540377459,35.5149198975579,21.3687804981571,69.5903588785048,22.6771297180535,19.7479477793595
"5",47.6824788265036,58.3704369952287,26.2168058125982,51.0246506954485,0,28.74199325483,64.7008045992188,66.0856907732978,37.1958832930513,35.148994770181,69.0060320272733,73.1053338436582,19.534628533105,31.0382183670706,50.2436328442305,52.4247044966478,22.9773382580487,23.9019711958986,79.1616926865704,77.8893551986254,26.0891190284691,62.3975910614657,17.204569129931,68.7899476592573,37.7187925825372,84.2063600736503,82.8081394386514,17.6600422647593,44.0665518366886,23.7331954202962,47.0314754481899,36.2724824345432,86.2426699645466,49.2165212018656,61.1209566340382,56.1372384237641,50.7916879688126,61.6085848966584,40.2213488284411,39.1718562111036,32.5297898007345,82.9358620914181,110.338730245056,91.1358694527094,98.2716228515269,53.7313368926266,60.4622496165836,20.0312708106278,32.8904747210196,74.1928811445905,55.5648924879651,54.040201246838,52.0924290962234,41.4664859798347,32.0873012092322,40.1633813484633,68.9464402076849,34.4772517010061,23.3267484738107,28.329947981317,48.0156298882021,46.8723262090982,68.7490594597897,35.1722378356722,38.9987252785914,103.944038430792,18.290431463621,69.1519677440758,44.1362408264945,74.3303634444549,57.1340932802551,44.2259511141553,69.986353305688,27.9991715201122,65.8028153956149,31.7994579282235,27.8748752056398,46.3514988212915,64.7130014892892,102.32382430263,55.934898742883,22.4882745220933,48.0605989685611,10.7108390052452,32.0106736480759,64.3630555402308,28.124809062055,28.2023886453282,39.6111021020763,39.3509157363851,27.87458799117,86.9416343447899,38.0391555141037,78.715083470474,56.7764591020364,34.8390731058855,37.2469940031513,35.5599400169274,58.0816601158147,37.0638452839726,74.4544043006808,11.2458110196845,27.4423453338686,85.2204767567467,73.0311518957087,24.1721479424563,53.1627947909661,37.1218189239305,56.468960355406,19.1218799094829,18.3145891011479,85.218529258675,85.0983125315153,41.0926527101401,47.142591218634,36.3695999877892,23.8364848237361,20.7071918304536,21.7704213220611,17.5354220932702,105.331893232077,42.9702318410245,70.1380826297243,42.2616401291363,64.0842523136182,46.1063846657392
"6",68.7397325546081,80.5375764270032,20.391328612274,40.3148976321675,28.74199325483,0,51.8941436232518,59.5279104119293,30.9658881014564,51.8846616245569,87.3997004945151,64.530466095194,37.6899368891698,17.6693039017217,33.0571001393156,72.7406529626672,24.0199531713352,19.0208594509901,70.4604570639166,102.282699920384,43.8403383847149,54.6873670117478,22.6543694660002,89.4350615689249,61.3274596691715,107.897357082934,101.893519187464,30.6486400113342,67.6565141775368,41.4983679154592,25.9552173957247,23.6392523851155,76.8718998511089,70.0533643793772,50.0563674530521,48.7712842595866,63.5577562762397,86.9435109660743,22.1099475542649,30.8957244252241,26.962916558757,107.227967488864,99.8815893361464,80.2587911808395,88.6468457644976,46.349573527396,58.5178774439306,38.8636156069847,32.3760570645991,97.3155306456293,48.942460510138,43.6842018364412,43.502290557287,36.9766680053664,48.4170239978479,20.5523268320057,90.8643547085232,24.6794261237634,36.3123637215794,29.648139299004,64.795940056175,43.0437613564417,89.4308326648822,31.200752290963,55.8944185278806,108.685042874546,16.2015996656157,60.8567546527521,38.7185067242496,65.7073798026249,51.7758417763876,34.6346899164517,93.8196188980954,28.8559408847434,86.8783935852199,33.4227864944288,37.3916091703865,37.4940201739839,85.3661065651628,92.6482408278197,79.1931324639701,14.6174990982565,40.4660565070704,32.7745823890349,51.2017532725392,57.8554978911141,24.3767379066938,28.5055690900978,64.6010616967893,34.2071327826137,41.104348761254,82.9525105963488,53.2642557011169,99.6943151657509,76.4784173146087,33.4171383411196,53.3995382076441,25.9221911392216,49.1353439765584,33.4132031076101,97.8935271201735,24.3392103063737,34.7654204795002,76.9120165949557,97.7370074754714,18.8789029434664,48.8495673190777,35.1169789009165,77.7714936965206,26.3085748918268,30.9524629811357,76.213841321168,68.6141955920785,21.1724339949363,46.2184973116911,24.4519005923332,27.8989854810155,37.3888661495586,42.4680400036488,21.2128017456104,95.4283582819928,65.9462441851882,59.7165235481175,34.6319444209675,56.8243428878778,38.9237405266085
"7",108.329944392845,120.333378389283,41.6473151665233,90.2001963013905,64.7008045992188,51.8941436232518,0,107.662669983874,29.7475717911996,88.6359507186266,128.70562727774,113.629892390409,69.6984238469446,39.0072674137488,21.0863828305136,111.948903642775,46.8822945493748,54.0938771117147,121.321316878464,140.698066665209,79.6400442991557,102.241514143011,54.9215757154269,129.734836133705,99.9219724449872,146.247323452369,143.165772354585,50.519021266805,106.077745554661,80.4490414081817,27.839297518309,72.7288945002771,127.269538967176,109.439897480661,99.9786948237232,97.4886983385209,103.994660782495,124.889305229678,37.8763244456571,76.4026326725523,67.3822938571214,145.935073200735,150.711765327671,131.384927003471,139.205256908451,19.8503200456938,23.0295493693981,74.9658133787689,71.4401523799497,136.430594695966,95.3851987429195,94.4808062629104,92.6017494369656,81.2549504653356,79.6763513042743,50.2891328550144,130.906719774184,33.3386432366927,65.3362075491878,51.8419603427903,105.106037460178,38.2122578879594,129.727666254762,76.0054189635879,95.0108773197782,155.772666060867,51.6276026978396,110.732953650828,86.7049587982739,114.790293226667,100.644810873618,80.9149209031676,132.895706506946,39.0021759959397,127.239803413202,73.7274816543244,71.0579430278949,83.6530565944801,125.330172832934,143.114144028711,117.955332214509,50.2246894429414,30.1000818618447,61.224325157471,89.9453625658921,106.187665098399,38.0026600775181,36.8304827427311,102.421450387153,78.994578224769,77.856978323992,131.23464132723,94.4883100523691,140.048527594954,116.407006855278,70.7558606048915,93.3840948104458,73.3042854732923,97.4234482172238,73.5655229080633,137.253195068772,57.7958481672175,71.696347124888,127.371619821989,136.46877709113,44.494159375316,96.0665229294312,76.778496477388,117.752315856476,56.5228727945257,55.7829172391417,126.444619289022,38.0633429837936,31.6899609999993,91.5820985621882,73.5568975933675,45.6326354256401,76.0503253382238,79.9433784565327,53.2771672229536,146.178333640985,102.884134389101,109.954740936055,26.164832837606,106.932534306152,86.2100523261209
"8",33.5111645249737,33.4654112879958,68.8589291333894,18.751513412558,66.0856907732978,59.5279104119293,107.662669983874,0,80.035595092864,35.0841247408854,40.5738887636412,21.6256276315408,58.8757857981303,70.0539705150633,89.2028298207878,26.3421496364648,63.9193991812484,53.6763258228677,25.4532917083345,54.3341936809475,43.0863576865806,16.6880160397379,63.3768465805346,41.0643412749802,34.4614583312624,59.8014150578499,53.2069853819733,75.4236805148937,31.1212019189189,43.0360319826912,80.985730202459,38.5919298950902,24.016597278123,26.1031030967806,21.4996304132823,19.4249825381428,20.3622536317025,39.4847071909914,71.0022614694005,33.6360916910829,44.4999517628553,59.3389688902632,46.88790875004,25.4235464440495,32.7647743643674,100.22080047569,112.962515930842,53.0056067607139,36.2995767031671,49.6361181656417,19.9116351068737,16.9881061163338,18.78108929579,26.5164364276441,47.181274289922,64.0656271229535,54.2919363332051,76.8521702019431,56.2003199579137,56.5914158229601,54.4768480922685,97.1476135132606,41.0783044967522,33.0777334058534,30.823769287102,54.4094424017097,60.6372939401867,46.4046484647536,26.2098492634642,19.3803298076772,12.5717383658415,32.9836601424481,49.2829929112653,77.0373329407976,42.1559154556035,38.7819313099342,60.5746757568539,34.4260779860994,37.3644823129229,37.0081050366467,34.0874284567833,58.5394474866421,95.0167943054028,76.7830629638874,36.2979832222657,11.7972054149664,74.670281638459,79.8670760500502,43.7837615159381,45.6608520661812,41.6390152614663,26.9198790533842,50.6404598425477,51.0996092395653,28.8912240099006,40.2103035267183,30.5255552597976,38.3856738761878,13.1852076246023,36.1185183761815,50.1682441321985,72.9813220205829,46.0662655176959,21.9628743636901,50.3554047685339,68.4941818325391,31.8307413063872,32.1376670762262,34.2640665494174,53.4859679701011,69.3628231715666,21.2826634175889,125.497240284026,77.2006187502955,43.3377154683159,37.640037386202,70.6923749019263,48.9382454297046,46.6929131265292,63.6659274427858,39.8096164670364,37.0940458722298,32.9276282079009,86.6134268454206,28.1934955681771,29.3520747631359
"9",79.363906367869,91.4379111462961,17.0552425853347,63.3770970050989,37.1958832930513,30.9658881014564,29.7475717911996,80.035595092864,0,60.1109893898365,99.4959682572211,86.3720481115854,41.5802905706183,18.1586295612591,23.2420922115459,83.0573697994795,18.0345379859457,27.6207381519969,93.7096943170684,112.150518190404,51.2587580988822,75.6423350376907,26.8217894362397,100.649475961094,71.2472029943987,117.615867617022,114.000911005153,23.3450455483863,77.4909773944494,51.4900247467105,11.8113381752693,47.3496774133101,100.190627466623,80.4633726286054,73.3189189859162,69.9745957531393,74.7561923778559,96.4198675704409,19.317990596168,50.6065005754194,42.2687308138789,117.300781795629,124.191442124064,104.566162144673,112.175347770998,20.9342317985536,34.3607814049457,46.6861912782641,44.3494528499164,107.630336279384,68.019322504834,67.0717053333717,65.2220062115785,53.6863030148094,51.8363894301927,27.491856991703,102.005377033813,12.9978565111481,36.6675548311832,27.4753175137671,76.1916624455933,35.1013428154091,100.688076819395,47.9277954082466,65.8510861546205,126.793684342332,30.3855756194186,83.3618580343452,58.3002183341297,87.7053127144048,72.2424698868822,55.5069525288656,104.636682069155,21.58503073842,98.2613281664204,45.2337335844605,47.7975482998263,57.6024063211843,96.2639091315286,116.275041594445,89.0913451416009,24.7802282156561,23.3356822953043,34.2164312651726,61.2554346474703,78.4771908024716,13.9989638199745,13.6220519368755,74.1125771630004,51.8703316259879,48.6942001183923,103.386045102388,65.2152210749391,111.147886490547,87.3751278297601,45.3114019643748,64.1884046579505,47.1772341658628,70.729828175574,47.7101842213371,108.530612140062,30.9651271849872,43.6047346844288,99.9009709450601,107.982914278418,17.8564879530329,68.0005862197029,49.2659185474196,88.8306178022567,29.1912695177097,28.1606215381473,99.3500255300505,50.2731349383628,22.2867339633913,63.2734383001552,47.6663732532028,17.4295471297511,47.5690163685099,51.285870636325,25.0169605236334,119.325428598094,74.3040010829383,83.0440875319261,12.1245018727392,78.9682697760842,58.9938864451826
"10",21.3071113290845,32.5421899646431,48.9184925558433,23.3283748053883,35.148994770181,51.8846616245569,88.6359507186266,35.0841247408854,60.1109893898365,0,41.3238555387064,42.3684970693986,22.6451453900136,53.6632357122048,73.3108570596414,23.5325515225208,43.8426662982134,43.5762298421771,48.5487733538683,53.4165615248463,15.3437528852689,31.2259663178101,35.9251137151849,41.2987490086889,20.2300263319956,58.9047393531205,54.6148172650709,43.6606957368434,22.3469060618063,18.9609156438755,68.2279379779932,37.6173942753344,55.0284177248193,21.4622904796633,32.5577464525449,26.1301507399813,17.6508415176789,38.0756709124477,60.7724564030796,32.1069799874356,42.9594919150988,58.6497153973602,79.5833849023355,60.0289247836341,67.0428493606372,78.4986673750781,88.4614931892087,20.5253927775643,29.0801189702275,48.9667645539308,25.5256874011611,25.2638293462767,22.7513094970877,21.7360019816403,13.5459403182727,60.3585524280478,42.9490634645683,57.5647519969275,29.8692514501852,48.4223540227237,21.061124715582,74.3497888405477,41.3020977654297,27.4458871512527,15.2040401527654,72.1088911464652,42.8242223110463,38.1957569217535,24.004992858524,43.1127982239254,26.2523987951959,32.2594552943183,49.5272447393983,55.0796771468128,39.2124299870081,22.5386932342216,47.8507820800054,27.6389069445333,37.1528097279444,71.0820915655595,33.1084474582349,45.2413532549387,74.3290994614475,37.5136197865064,22.955412958046,33.0144188783011,52.1336730975646,52.8880770103511,18.5522862344262,23.6115624373306,14.2652994668157,55.1171786105122,20.7274134783919,51.6374793205433,27.9437893020801,38.1252776491776,21.9797412566213,37.4057206569033,27.8049124262521,33.3100565408154,49.5791305943901,38.5471724462364,45.0794129251554,54.0628240219819,49.3573656882575,47.0970174723195,22.1021059986894,27.3054156848755,29.7418580468096,38.7157671336185,37.7553932587527,54.0283696357332,109.274700807809,62.9126593900043,29.2533948044718,34.8829998721162,44.2309115235079,27.9264287391233,21.5331538429339,36.3484797378456,74.0497850408795,21.4177854098918,39.0639778570884,65.9747025290874,34.8714085521385,24.1598365661973
"11",21.8353721205982,17.3686953681317,87.708389225729,56.4543469364056,69.0060320272733,87.3997004945151,128.70562727774,40.5738887636412,99.4959682572211,41.3238555387064,0,38.0702414311688,60.5926033328233,92.0940718329547,112.216451301288,31.4318412618486,82.9331568771908,81.9723465955328,30.2544350816377,15.8204538391683,49.6589314173685,51.0588822569308,74.1176882815132,19.0261325415746,31.7076763835551,22.1273137684162,15.8354119272728,81.8881005002532,26.4938095389098,48.7246403460654,107.6071168276,75.23350946632,35.6149039818404,21.7922375227348,51.3144488980291,46.20759246685,31.5772433444339,19.6142285855586,99.6082827475643,70.2088352629797,80.331393477363,20.9834623347521,50.5246692478729,35.7677025429801,37.8666477770475,118.384328566479,127.507398002777,55.2653027483392,67.3895548707818,10.8107422732875,50.1099525052723,50.1891351489623,51.1440312774857,59.2108221506749,51.4295273801543,98.6927264764662,10.3834791041662,96.1591948292255,64.038116730211,86.946779949526,30.0785050905011,109.87621140916,18.9317261640013,61.4283500286273,34.1393169208346,44.8849385468408,78.4952692177472,37.2342747177463,51.4114023589709,37.6710019587573,40.3501843961785,70.0677116508502,33.6587564295198,91.5898748560842,13.4643929269612,60.4195836196239,61.774427216292,65.0761917503533,15.6445515799927,41.845591521527,16.1709009668661,81.9951799086452,111.464538978169,69.7992779361378,39.208848083545,39.9547907340511,91.074063150644,92.7128905855508,33.135792524655,61.154369739406,51.3788508614262,36.2650569550184,35.600357885942,37.1652664014266,20.0333697102963,76.1347371672118,35.977230422096,69.8544745060369,52.4586664130843,71.2672054436945,20.9804615142726,74.0399619765921,62.1936577305366,31.7457788748214,14.9751315048155,85.2687424338746,45.050358348591,63.372183393698,27.8997034625258,75.0132327483593,75.733205677589,33.2807271176741,148.877611653698,101.702185023509,46.8829127510405,71.2037693161962,83.9290334158477,53.2789218906075,49.5125288538933,75.5145221886055,45.1350774298705,29.6206764965578,42.0617188617668,105.504819862284,37.8028806003531,56.1588825925687
"12",38.5996974753662,33.4575460112609,75.4556403119362,25.2467803614316,73.1053338436582,64.530466095194,113.629892390409,21.6256276315408,86.3720481115854,42.3684970693986,38.0702414311688,0,65.9338519072124,76.3610722784782,95.0287946153704,31.390195961873,70.5989667123036,59.6148204788497,27.3546861873899,53.1702895156635,50.1800437485296,36.0111925029132,70.2702523066842,40.1617957240119,41.0388406715138,58.4420850769165,52.0988010106077,82.5377769925492,37.336749532469,50.045748303078,86.5601067041078,42.8814423733294,27.6120110099625,31.0006083001388,19.5838891917817,19.2653866287453,28.2832575503111,39.5782752850077,76.3748028972182,38.5475057960342,48.6680516165514,58.1018964899528,41.931956808777,23.2623979844742,26.8957552377661,106.523802597717,119.304692574754,59.6892439318871,42.7088485333632,48.143824182554,18.9857506982738,20.1708304135955,21.4686435866667,33.0654804280574,54.4584135732734,68.5918792501188,57.0745569865087,83.1330696598488,63.0991521377331,62.2293547234645,58.9086355949792,103.287381666442,40.1241509161689,39.1647999935429,37.7929489612039,53.6336134458404,67.5870725310808,50.4645777581237,30.8088051532364,16.3738744131337,16.6158126794349,36.0854002582832,47.4441204730204,83.5208264866874,43.2802609976255,45.4434471968965,59.9289851817858,32.4616855322261,36.3249321913516,31.525654939663,32.9686099219269,64.7743919551694,101.109511489125,82.7320983245467,43.1488368129639,18.8398088967434,81.3367911666793,86.267282793622,50.0980253191956,40.588965884975,48.2507614718115,31.0378931740629,55.1573577992219,50.8886039348079,29.543283087059,44.4310607545577,37.1714105923247,43.7522134593546,27.8636597504261,40.9684416426779,49.0952643199043,79.7758513256384,50.2568484288684,21.8916040946886,49.1557316044976,73.393585260467,27.1417206851531,38.4040016698205,37.4351278270172,60.0961245179968,76.4609009629046,22.5754957621372,130.929500815694,82.6798269554851,35.9198910384018,41.5241409721457,77.0670162982989,54.850817376611,53.7765993197542,69.9786075450586,34.4844228650326,40.4536553632472,37.138837852985,92.8978359015192,25.0158294136766,28.7754184969221
"13",39.4372718617994,51.019974559151,31.288013415565,41.0237822632113,19.534628533105,37.6899368891698,69.6984238469446,58.8757857981303,41.5802905706183,22.6451453900136,60.5926033328233,65.9338519072124,0,36.163784962434,55.1949234750069,46.2954380430919,26.76620626765,27.154938632982,69.1815594361505,71.7632451528886,16.9175821373505,52.1754191702579,16.1753646402134,61.5891590906438,30.5552111846147,77.0029733281842,74.5935491256267,22.6609989621682,36.5291550507944,13.9090562241897,51.1718309171589,27.7436729453937,76.1839400951654,40.4958113466463,52.387310224281,47.8761044640945,42.3396953571603,57.6343184172853,44.7244922510787,29.3302869497672,33.4121799737486,77.2578125858569,100.529819925,81.0759199377048,88.3755075347088,58.9801072617391,68.3411775143384,23.5669364415385,22.3825330634116,67.8257419953604,45.1585913868503,44.0313685776546,42.0523192790141,31.0232688976243,29.8170796938916,44.6855179360104,61.630193068762,38.9347429333794,16.4830899676113,33.5645303027875,38.3502806055972,57.4439965435425,62.0813374175581,29.7132848413221,30.3477520522067,94.1998872352038,27.835859484836,59.0716027610901,35.6024211904605,64.1067761738396,47.0472691094819,35.4291473331989,64.6938326529664,41.8905273661618,58.2237944050738,21.6724558548918,53.2456829227672,41.2432442332197,56.3648891839503,92.636158550174,53.5365510290596,28.3462745605039,54.2560571077917,32.4809163026431,32.5677030302923,54.0421189604824,33.4680314045214,40.4342602437208,32.8323284546819,42.8186574212022,32.5524981215862,76.580032882888,30.1204212122547,71.9650850858291,49.0828078884535,32.9513611915864,35.4701262232401,29.280299346922,49.7393276503094,36.3048855188485,68.2614150589696,25.9558241948503,39.3403337578551,75.5574723181518,67.2506985154153,43.9127347270257,45.8002985130478,28.9338518272073,48.780768863203,29.2641746595357,22.3641139649792,75.5427281791965,90.5003641487946,47.6084082550008,46.8019456240357,29.8182561839249,29.6523438241865,27.8832052363078,13.5718408764575,32.219927304302,95.4080959546616,39.418450564968,60.0306668453364,47.7927796565226,54.4188167834781,39.2736090543581
"14",72.3811325748218,84.4234926203106,13.2481304546261,53.2782313699653,31.0382183670706,17.6693039017217,39.0072674137488,70.0539705150633,18.1586295612591,53.6632357122048,92.0940718329547,76.3610722784782,36.163784962434,0,21.1250057290627,76.1173546908818,15.7142573794679,18.0424358508084,83.6236890998422,105.660980718241,44.8034559225121,65.8798812805281,21.5562127311981,93.4503726029989,64.5689272595204,111.286209449351,106.686084522379,20.9077161919438,70.8699540105509,44.5416429701731,17.0112063458977,37.2230911550445,90.1887574925097,73.5954174317502,63.1543925852638,59.9091029553553,67.3899490791119,89.9581324565351,18.4604912864131,40.823398672881,32.2531848929541,110.71812841171,113.99587495647,94.4674308904002,102.16068420645,31.264377340324,42.944836372947,40.613512891659,35.6904458198027,100.938298931156,58.7597006214886,56.9221715623968,55.2504012254899,44.4815354713525,47.6322281152317,17.7013506837355,94.9369438151833,15.420689585926,33.5826052237657,19.4282291480144,68.6847224658891,28.5988451911557,93.4571259772559,38.1423638641628,58.9589329837348,117.737763179718,17.6185637149287,73.3039404690409,48.4725380471213,77.975668043399,62.5270059602338,45.6792636918094,97.4995919340316,12.8943001198819,91.0468981823197,36.6695855780811,35.9695145513764,47.8396047450285,89.3366356315916,106.235254698559,82.3161227534762,14.3959061395045,27.1197531798479,27.1034209434963,54.022374294472,68.8924073814854,11.9114337650372,14.1592072333815,67.5967498833118,42.0935361029645,42.0417547230108,93.8903346406218,57.5651425345182,103.886144512405,80.3042429621882,35.7681562544374,56.6840189197554,36.5735490004743,60.7033661231219,38.3190753290802,101.671334022144,24.1775450947174,34.1675375549578,89.8756260527487,101.266861594705,11.1918131381516,58.2734581615143,39.4587461095104,81.6415986398144,18.8771376788738,25.1678889733354,89.3070717090727,57.6811513908912,14.6389232510327,53.4923293771911,37.4840096586384,20.9179111322802,40.378557890743,44.40002562449,19.5088843255463,109.281715935774,68.3233583729672,73.0609463175905,19.8933958468111,68.9191067137798,49.0056127846348
"15",92.3222595471345,104.363420523509,25.4315657600218,71.7108947641125,50.2436328442305,33.0571001393156,21.0863828305136,89.2028298207878,23.2420922115459,73.3108570596414,112.216451301288,95.0287946153704,55.1949234750069,21.1250057290627,0,96.0921992970434,30.7311944022382,35.7743966359264,102.549420263288,125.337338751885,64.5578351381042,84.4326474337264,39.5737091072888,113.597604374061,84.294567852938,130.887755016428,126.813672211748,37.3888892791903,90.4972819610529,64.4666702949862,17.0284340754217,54.2600555555716,108.814055152817,93.4830071159615,81.2507972532138,79.0032751157183,87.4574446221997,109.618035527817,20.7839762943047,58.2781376793989,48.9233465314577,130.456561070226,132.250098901971,112.778633756309,120.672327892487,24.8908032022367,27.4606710358453,59.9955581386739,53.6076106026032,120.757539182923,77.1020695162769,75.6648562785813,74.2176571023581,62.9253181602863,65.7667551298967,32.5732215662332,114.94638962362,19.1303452876732,50.6679095137279,36.344569985456,88.9715934922096,41.8808579713456,113.622038287618,57.4027661156983,78.7680830288676,138.041124428809,34.5608642585717,92.3111999046489,68.1415507698959,96.5507236996868,82.1121254439513,62.8656140746203,117.379762834518,24.9698416938477,111.116556153047,56.0007220316008,54.9739839507926,65.1920954546136,109.262633432521,124.690116617508,102.216907109661,31.9480881473613,17.7851966310396,49.2854412983751,73.8705967764291,87.9236266493025,23.0110499439328,24.9577484980087,87.1970978771138,60.9246033063242,61.6646883201618,113.308708653616,77.7907162242276,124.089672625056,100.301784923934,52.7632033292418,76.9850341179129,54.4128317056198,79.1803240883944,55.2360561583906,121.549070992434,43.803470959428,54.3462647381439,108.844063849556,121.079337694889,28.1632596959547,77.9054488629614,58.3477702857113,101.733873607965,38.9846305942255,42.1844852004728,108.057537560786,41.0417330705269,13.7149768149601,73.654264102164,54.7656618574047,33.5759729078803,60.0577308812333,64.1613699281411,37.2600576744656,127.715888267093,87.6549515751093,91.4012447270035,24.7129938991001,88.2815233917334,67.9729370364546
"16",25.1598833682527,17.5859158920148,71.4804708751904,41.4029077781623,52.4247044966478,72.7406529626672,111.948903642775,26.3421496364648,83.0573697994795,23.5325515225208,31.4318412618486,31.390195961873,46.2954380430919,76.1173546908818,96.0921992970434,0,66.8126516008667,66.4487195089059,34.1880622964118,31.5547094863883,32.5766715055576,31.3006098730768,57.4357802034331,21.7499671083337,23.4506228585309,38.2065593124011,31.9790024990614,64.7271784987775,19.9637677097237,32.735283272216,91.5570343733623,60.2021532206643,40.0993022897247,14.1894113644887,38.0030920528326,31.3115281386448,13.7771267899746,16.6944708417844,83.8765743007169,55.0501664327364,65.3540247472944,37.4560174782094,64.6079360366504,45.0351161795294,52.1419621449035,101.55414049866,110.630911795758,38.9155750362096,52.0396281539354,31.3730963465743,35.747722043029,35.7330232507768,36.581349770904,44.0650061775199,33.0295138856099,83.3054434835506,42.8792892267828,79.9653462898393,47.6064013494503,71.4352837407788,46.6476037021422,96.9830198575633,20.4400418206256,46.6503308337601,19.4009220899425,54.5758654278856,62.7790980756356,39.8227350224406,37.7273111553628,30.2860721546223,25.7850803529719,55.0830165053722,35.3901084578385,75.5756801096255,26.8177139898448,45.6183768960732,54.7377084691221,50.1259711693615,21.4205163222119,56.0662589904765,30.115259581367,66.5743358681254,95.4907177432006,67.0456998135259,24.2128038089999,25.1263347419615,74.5979149748026,75.8005486291152,32.6762467223501,47.2042344190417,34.6922877294763,40.0903658552845,42.543171446446,28.6003817615433,12.0571024926558,61.0615005502023,25.5848572884431,55.7447392823772,36.480132164035,56.075851074417,26.3688558588819,61.9259947102404,52.4847300210086,39.0567405393884,28.4805899415778,69.6531127508296,29.5155507236384,48.453935692486,21.6219732097173,59.5836478739257,58.5871544291805,39.0849918091598,132.688663916618,85.8710557290356,37.4703216012158,56.3584325928371,70.270158691797,38.3699465415473,34.9390943530909,60.2059494324352,59.0343263621947,24.1943311039104,32.4491036958831,88.9945063238979,27.8455145031394,41.7574593385549
"17",63.1420721139834,75.2528026972631,10.1566355941179,47.3854686035431,22.9773382580487,24.0199531713352,46.8822945493748,63.9193991812484,18.0345379859457,43.8426662982134,82.9331568771908,70.5989667123036,26.76620626765,15.7142573794679,30.7311944022382,66.8126516008667,0,12.2631011341432,77.1364582758953,96.3764098524063,35.0055477953288,59.4120280732254,13.56178701149,84.2739648824672,55.398499813084,101.898689383785,97.4902160540331,17.4680448448873,61.6378496182023,35.3433820105347,25.1927644674435,32.0731957238751,83.808382600649,64.2925725578957,57.5209258966762,53.4601931649189,58.0924362653667,80.7943365441988,19.4436587661545,35.1639083914131,27.7862272558015,101.50084505764,107.934429799666,88.3813647020503,95.9142354845004,37.6826160756089,50.3460526355393,31.3283214736188,28.6726469677785,91.6730767841825,52.0682161997546,50.7940374117008,48.856323150824,37.7776709908203,37.6537083989623,24.2997859913555,85.7435154269923,17.1549793683693,23.4077010267749,14.8011415027647,59.4954353122151,45.3773595991011,84.3052894893605,31.7099538957922,49.5671400369246,109.47576076663,21.815831849245,66.7644780398621,41.5362449664807,71.4588368026608,55.4285991986219,40.1397238836125,88.4279515967873,26.5359469278205,81.877377366134,28.7152412689457,44.528570808969,42.6162585159262,80.0497695694152,100.029893068746,73.2761876588582,11.7852344773171,34.6616100871942,39.1020354512225,44.996332741755,61.9801438821641,14.3610973642389,29.0244793028088,58.3735449176404,39.1771426412886,32.8463273358337,86.5362859140076,48.644840125908,94.7015651582942,71.0298005563198,30.4345307722799,47.6418979659498,31.7076643136879,54.7807405045979,33.3793003417661,92.4693774598788,26.880787155772,30.2023635538396,83.3659329933342,92.0434291824381,34.2720373737262,51.2977644294817,33.3589909933205,72.4714513045963,17.1598467940388,17.2789205649299,82.9289558856497,66.8342901141442,27.4979180018266,47.4009746727713,32.4282901710187,27.0680777257606,31.8893748698714,35.314442729396,24.4733266509169,103.043882885831,58.9412194769793,66.9413884605775,25.3301316758069,62.1890094056891,42.8012830637244
"18",63.1987022642677,75.2736141663775,17.1774355964257,36.3126264467795,23.9019711958986,19.0208594509901,54.0938771117147,53.6763258228677,27.6207381519969,43.5762298421771,81.9723465955328,59.6148204788497,27.154938632982,18.0424358508084,35.7743966359264,66.4487195089059,12.2631011341432,0,67.2776040952199,96.4959682555036,35.3498208852047,48.9517438000217,14.6125368443467,83.6909164889216,56.0434516768627,101.84094375483,96.3828885705631,25.4371434602082,62.1080352767561,36.0126399643893,27.6709275458495,20.0675323950113,73.3813214438559,64.2682272336108,46.3389414507773,43.5771107822385,56.1387920989343,81.1797140945191,18.2906816423311,23.3658142205591,18.5574629373289,101.536324254752,97.0857357771185,77.5701573655011,85.3148231610276,47.1649164586479,60.0508719948322,32.1040656618402,18.6387231226033,91.570306492333,41.7472508870658,40.4356900746438,38.677176401401,27.7259033830187,37.3145737756599,20.9074723156068,85.5036585216123,25.0041524763261,23.1162898056788,8.78332207785114,58.5563568284712,43.9088185798784,83.6934769462192,22.7613613494021,49.2890484471055,103.87205569367,18.3842153984049,56.829746963386,33.5305916082488,61.0037208945623,47.1449964795259,28.2768296457235,88.4771049460184,27.5678107536118,81.5178129564976,22.2903256964316,33.319896532175,30.3940159805564,79.6303962820243,89.3351085665658,73.2689598534139,12.1878438499848,43.3790346470947,19.8838256694695,45.0977993449006,52.4669063505028,23.1547685466853,28.1427650277306,59.0545360825879,25.277597136124,32.2170127958874,77.8717626959134,48.1647784896807,93.9762197191296,70.5323121058119,18.3033050331464,47.2410169041657,23.5112800883321,43.711349086674,20.6104147069452,92.4460182333946,19.7348746701823,27.8658681979093,73.4194683998569,92.3022053823873,14.5037830840092,42.6889602382319,22.8105103406602,72.3225404423611,17.403635809435,21.1491939191846,72.5784709070674,71.7134650419657,23.0484608480868,39.1596641526118,20.6079812696969,13.9332906534511,32.1353424558787,36.0136375451369,11.5459353587406,92.3919698700385,59.3181190253665,56.0953874983476,34.0200144968474,53.1015614205634,32.4596393675635
